Num,F_1,F_2,F_3,F_4,F_5,F_6,Average
1,0.44114182530071766,0.42904968825665696,0.6361276112951022,0.7780957250930326,0.62156834328217,0.2023679158103085,0.5180585181729981
2,0.48245916838757735,0.6285420384863479,0.7842965472894232,0.8652752929942651,0.14065130057551486,0.4521195708752487,0.5588906531013962
3,0.33050675796429363,0.32967124941842757,0.7797149475805573,0.6854771357286636,0.3682376698007047,0.7336365010234591,0.5378740435860178
4,0.0,0.21935814699934122,0.7220345600673311,0.763803143454328,0.6289152788511053,0.6764628448551618,0.5017623290378779
5,0.06787354316645686,0.559249202811427,0.5724170853403268,0.7027226046504564,0.7335898298556324,0.8490383350380967,0.5808151001437326
6,0.4267820234378094,0.6981887820754193,0.06611317363038893,0.5323209537109229,0.8657234267740179,0.8293224016946458,0.5697417935538674
7,0.4181049292332096,0.003151864246610218,0.655246601220817,0.9515251365788792,0.4923496606014295,0.4966861152431396,0.5028440511873474
8,0.7222816421343707,0.0,0.7397166210122315,0.8825957930237193,0.5569692830808546,0.3634748609637531,0.5441730333691549
9,0.9178430736217934,0.9563813587922076,0.8366578866760511,0.8989477463432339,0.6643611682958583,0.9693386955616151,0.8739216548817933
10,0.5712397841425889,0.8599151859592105,0.896917765064304,0.6678826350989576,0.8915136342469664,0.6134820115175558,0.7501585026715971
11,0.0,0.2097301583659432,0.3470882924336626,0.7747665781504509,0.6094098714839782,0.5256046139322558,0.4110999190610484
12,0.5491572418919218,0.9363971582285409,0.8031506176300954,0.7771221320677772,0.8203282377495735,0.48684263220411783,0.7288330032953377
13,0.35105771592772933,0.2765386707733584,0.7271830700263487,0.0,0.7654082695516203,0.4554854298719271,0.4292788593584973
14,0.32503651935437106,6.666444451858273e-5,0.8170652325451006,0.6229176425803933,0.8972392296445856,0.5994088269510298,0.5436223525866665
15,0.5332533420916304,0.9655837265872788,0.8586044809953777,0.46516468354444046,0.2739321353898346,0.6914783720248953,0.6313361234389095
16,0.09014136085916466,0.34557240002094053,0.10156509311440826,0.7386913532890623,0.28312608477347745,0.20174198554537848,0.2934730462670719
17,0.0,0.5609361922080572,0.6474390806647848,0.622110285154938,0.387341069668892,0.6989359080301153,0.48612708928779785
18,0.3332342498896077,0.6615907948856331,0.8730374170787638,0.7185048038615657,0.46258428517951045,0.8823380786414188,0.6552149382560831
19,0.3325992977230673,0.6634462395360745,0.7897626206252778,0.22561865599095646,0.5097369345762643,0.4736282141906468,0.4991319937737146
20,0.6077943034350858,0.0,0.8113160586632883,0.8707653804734458,0.8322944018604899,0.5250318649487065,0.6078670015635027
21,0.49416654927989323,0.5258336637243572,0.8484920633556204,0.7698420513406627,0.3648849179855955,0.4983691774389198,0.5835980705208416
22,0.576634628402708,0.402360235012792,0.7686288302068336,0.6421833788919784,0.2379202710989455,0.575118685340469,0.5338076714922878
23,0.008826422355843602,0.6481844646828172,0.6896335574414391,0.8053328090246016,0.4878509843134382,0.5424440701922505,0.5303787180017316
24,0.4683380848449592,0.0,0.7394229370270694,0.36431245745634205,0.8126853621694409,0.7128160608525852,0.5162624837250661
25,0.1859342564206606,0.39835493437876085,0.3946098507555613,0.8596062268404772,0.7780340742496564,0.6069692858978892,0.5372514380905009
26,0.0,0.9772148485450646,0.6447514843893372,0.7778390761216297,0.5550257212814043,0.5788862426459319,0.588952895497228
27,0.43682853644943226,0.5523802750134648,0.7476935510317451,0.6158478225734234,0.5932552906645499,0.7981356159228453,0.62402351527591
28,0.5565943725218793,0.5638198055787501,0.8482723704996995,0.31442234403602015,0.681574514868335,0.8612670938875022,0.6376584168986977
29,0.0,0.0,0.6521996822373161,0.8686492583094602,0.7489020426656525,0.5425510035386963,0.4687169977918542
30,0.3321425593835741,0.6479644310527339,0.6757384577726947,0.5310725093462981,0.7439520951957453,0.8990584471003156,0.6383214166418936
31,0.28679079496985144,0.40659601704017695,0.5960723976984027,0.7169428195599057,0.6430437515709849,0.5879445990454145,0.5395650633141227
32,0.5610190371540585,0.46355383022834856,0.09867437851153513,0.9464344803824691,0.02285332928173886,0.8424107784863383,0.48915763900741477
33,0.41102635309820656,0.7692893087347795,0.0,0.2716665276160644,0.7125098477961249,0.7383844095294143,0.4838127411290982
34,0.5692106794310223,0.589265228823307,0.20650443820234324,0.7397556965723827,0.7815071116575592,0.45004719458676246,0.5560483915455628
35,0.21292101060191246,0.9132850234219356,0.849722166117401,0.6323958048689944,0.6941376172892149,0.3243827578097267,0.6044740633515309
36,0.7484131585035615,0.7275159598023765,0.3457001957060921,0.20246668788837605,0.9273795407200305,0.7788757941002326,0.6217252227867782
37,0.0,0.543859579330165,0.8194829843254122,0.2744476414694676,0.6850739429131181,0.5820264837021127,0.48414843862337936
38,0.48105278304907906,0.0,0.8756742721678024,0.7472839289644968,0.3070951843704632,0.6325407793947427,0.5072744913244307
39,0.0013983193446457846,0.6347841624501602,0.40561969583258994,0.8869842764016024,0.9347604633971046,0.7197932222080687,0.5972233566056953
40,0.6023674134191453,0.6865553053498593,0.6313791718837257,0.7076542815979332,0.9079846335601326,0.740731683877509,0.7127787482813842
41,0.3448794055500639,0.568998599002068,0.0,0.7548934293602229,0.43096625843118713,0.4921254823750127,0.43197719578642574
42,0.7560847411259674,0.8926599688353523,0.6996112525568079,0.8091409905672547,0.6345626216404819,0.6360643952782729,0.7380206616673561
43,0.0,0.605268677301844,0.7516854749532318,0.4861539148709557,0.5747019296164735,0.9488272011382004,0.5611061996467842
44,0.2729787712358476,0.04189218226233901,0.8362524931013977,0.3034009366140574,0.8199130348649382,0.5507860071012859,0.47087057086331097
45,0.6807381665083662,0.7539130974792302,0.6422416738971835,0.8503965461407321,0.8160719858984409,0.7943628325870643,0.7562873837518361
46,0.4454229513250768,0.07452699079741415,0.8295104983597443,0.7424452131315815,0.4394235611117636,0.4451385932418471,0.4960779679945713
47,0.3756261371186361,0.7738087856680061,0.7578569378589447,0.7130105680863534,0.9621004258626251,0.6369546492253672,0.7032262506366554
48,0.49189010532613897,0.0,0.41676672790618385,0.5652284409842938,0.5954013778590743,0.6422178415802953,0.4519174156093311
49,0.3589408235745275,0.6038821340535973,0.5058399683053488,0.5418526904314707,0.3609082524633365,0.7094864433121737,0.5134850520234091
50,0.5312645143541614,0.6102031480356159,0.858687473654881,0.6456109781098908,0.7132782939241363,0.8084682527812023,0.694585443476648
51,0.4744807453179249,0.3773444442060592,0.0,0.8798945665550502,0.5950700173863485,0.5856888981559293,0.48541311193688536
52,0.7889694136984875,0.6858743568332069,0.5415669931333348,0.6338610410871541,0.6518038623957849,0.7635156234044119,0.6775985484253967
53,0.43058857027635583,0.5239333351482286,0.6493931604262906,0.924602382351108,0.6164508431340691,0.8432222382615908,0.6646984215996071
54,0.4403195384228863,0.48570693197719667,0.39784213799995866,0.3671758177057262,0.936394585786463,0.7118981452926963,0.5565561928641545
55,0.7761452265352053,0.0,0.0,0.4579556752305504,0.5543384427172574,0.6454014549387781,0.4056401332369652
56,0.5909264547204098,0.0,0.5406260784658662,0.9382506939329485,0.7600035734233632,0.5356735060250476,0.5609133844279393
57,0.0,0.4923470447053915,0.5455760255399699,0.5818976849529643,0.37078871258696183,0.4730996968247071,0.4106181941016657
58,0.560596450159461,0.8214034562181926,0.3699119989159402,0.583334599020453,0.6292011330935287,0.6749828843450887,0.606571753625444
59,0.6720232502066023,0.7164340935161304,0.9314522727815542,0.8826896147151477,0.5065120602194733,0.5004275902163678,0.7015898136092126
60,0.0,0.36020898399479295,0.7671123573858092,0.7105971801205799,0.5831883708058428,0.7075007797033585,0.5214346120017306
61,0.5246568722845254,0.5153847059481693,0.2691596029000914,0.5090277923587746,0.18782184713238925,0.488637577670765,0.41578139971578576
62,0.4050542132071359,0.7177528208471969,0.366218295148017,0.6890154102175045,0.7676323786434517,0.9090945223374343,0.6424612734001234
63,0.0,0.5514591054401757,0.6510300197021258,0.5550052287046165,0.7440740896926245,0.8669320663003852,0.5614167516399879
64,0.8147528747724071,0.2889516484096466,0.7051720349177091,0.6319839531603443,0.4122300145882751,0.6906383897926843,0.5906214859401777
65,0.0,0.0,0.79915488018275,0.18926335470881997,0.5617661146900828,0.7369445280176515,0.38118814626655073
66,0.8736718917857174,0.6514042671566165,0.058810263513038884,0.7013009500860532,0.6714869153764648,0.6725041249294959,0.6048630688078976
67,0.0,0.6734583386257789,0.3712138930410349,0.8792358145895993,0.9539363080597236,0.9607364315531575,0.6397634643115491
68,0.39825717353748274,0.0,0.12946783877954432,0.49539606300664063,0.7090640346938923,0.6907411748734422,0.40382104748183373
69,0.6602127773780773,0.0,0.895418342255645,0.31924805299515224,0.8498828613473869,0.5077697841357122,0.5387553030186623
70,0.5837866620283924,0.884016814965385,0.7691969618020904,0.706593417542088,0.8310063387887684,0.5874233139158443,0.7270039181737614
71,0.02336443040531396,0.6760060350287974,0.778790244847179,0.8949490897457206,0.8302537190047516,0.5990006837223245,0.6337273671256812
72,0.3214641413650783,0.47817252513181985,0.0,0.7659150685501541,0.9475703080567686,0.7446374851780688,0.542959921380315
73,0.3426061640877544,0.7168561844073283,0.8541935220375049,0.5520928425878974,0.6549988844831526,0.9932183639616959,0.6856609935942223
74,0.4057574250162759,0.0,0.9058631768156519,0.5417036991055774,0.27555844024166676,0.6431059097844346,0.46199810849393447
75,0.31603596751831425,0.9195473460581755,0.0,0.41186206799736774,0.7239809634130798,0.34797643447914695,0.4532337965776807
76,0.687931663490125,0.8383906938489727,0.7593003105570415,0.5424683971115322,0.7434009991357848,0.5725881575135956,0.690680036942842
77,0.7886592548077979,0.0,0.6794169105326263,0.4061949406858424,0.45942447109356893,0.839849724226709,0.5289242168910907
78,0.3668851037292737,0.8591118452007661,0.27684961142089626,0.05990588975304592,0.7033724082618319,0.43305192161808,0.4498627966639823
79,0.8909049615629656,0.41606112002118767,0.9203013544037586,0.32246062984105744,0.6750089612285594,0.6981577082803067,0.6538157892229726
80,0.6335190624987775,0.5987264469780752,0.8872870897977834,0.3856500941950342,0.5322977750630171,0.5987934541578462,0.6060456537817556
81,0.4310809278171133,0.0,0.7776827064758003,0.6549469192979884,0.7998738272690867,0.5615405191699271,0.5375208166716526
82,0.519012719009865,0.44221934203479873,0.7693585638693975,0.08738857011306271,0.6901521883910965,0.5726902731986473,0.5134702761028113
83,0.0,0.6571038547008721,0.0,0.6328696855855652,0.5031914297646615,0.6601595401259427,0.4088874183628402
84,0.6377558136334853,0.0,0.766492614918033,0.7351939615035951,0.8759097116206256,0.6516057164956847,0.611159636361904
85,0.4597009519636937,0.5806750050002588,0.8115459442422316,0.7263767656627712,0.5690896932677347,0.8663024550295583,0.6689484691943748
86,0.4986031014056708,0.05572888969676755,0.7072350575987821,0.545156689235009,0.3939507452960852,0.3951571368389586,0.43263860334521226
87,0.2296110924689047,0.7060660640511015,0.7273974465166394,0.5194595656629984,0.736911880296917,0.43857249843915297,0.5596697579059523
88,0.29432608609355115,0.13976354067712277,0.7571154068197576,0.7324555191608612,0.7992551040343762,0.3930477599093577,0.5193272361158378
89,0.5935852492272584,6.666444451858273e-5,0.0,0.946939778838829,0.752930597627742,0.4860388569168401,0.46326019117586464
90,0.35600829258332956,0.5199932072630172,0.6679371745890501,0.7506987754562281,0.6128533413674621,0.6291566398030093,0.5894412385103495
91,0.0,0.7648270414004216,0.589400932452252,0.9587221390985591,0.950165752855495,0.6505016117055852,0.6522695795853855
92,0.0,0.7416567349031268,0.27401537471533766,0.7307147308168507,0.6368540368470211,0.9541447660522958,0.556230940555772
93,0.0,0.6404423320180241,0.24292085351225695,0.7873714962706899,0.5834611540078424,0.6074048936872368,0.4769334549160084
94,0.4140084386688132,0.3178228393558275,0.2183102232715562,0.8728493818438726,0.7642465539913971,0.5921504406177474,0.529897979624869
95,0.7422922030222212,0.806670619403574,0.0,0.6320570122677774,0.7600836200089705,0.5319043081721803,0.5788346271457873
96,0.27420696237696895,0.7711479180250764,0.7588098333616944,0.639744057561379,0.9399085415792099,0.6207654459960922,0.6674304598167368
97,0.3293575458858372,0.3292426505292898,0.39034132520329806,0.870388201894351,0.9059274464035438,0.7267675613227602,0.5920041218731801
98,0.0,0.721876593889248,0.6307569388865356,0.751800436302581,0.6475714729219638,0.7597723368739769,0.5852962964790509
99,0.9267373324311278,0.5158684482025228,0.3953579125480634,0.8318711636079342,0.7438032688430475,0.7580856530520014,0.6952872964474496
100,0.5600596625131109,0.672253261972292,0.5820881452657002,0.7189961905850857,0.6731553902254666,0.5680766348866307,0.6291048809080476
101,0.33325096194789805,0.5175367324649098,0.5919563226116311,0.9646810939821031,0.8496196450135182,0.7069942806540694,0.6606731727790217
102,0.3114338447924599,0.13539117156650055,0.4019893903244883,0.9039503664284033,0.6763929700543595,0.6103610662190416,0.5065864682308755
103,9.999500025008747e-5,6.666444451858273e-5,0.7683583864179653,0.5711923662664449,0.8070428413998905,0.801855008082064,0.4914358769351889
104,0.42991719900929487,0.6870705837285682,0.7594458785531396,0.9327997987076759,0.9205254073086062,0.534251853269736,0.7106684534295035
105,0.6100035021314315,0.4390305201912878,0.8655312723137069,0.6169090306907564,0.6049324726861931,0.6752426593546408,0.635274909561336
106,0.4021618807789378,0.8179278139485097,0.7498333415702677,0.6515029765342589,0.8000767528205528,0.46207142752641406,0.6472623655298235
107,0.9522618767682007,0.8072342461516662,0.7682060331784282,0.7915599757757801,0.9265410199165647,0.9224583368842265,0.8613769147791442
108,0.4108033428267467,0.7123767714764608,0.6813505081246929,0.1875093940011621,0.9528698277025708,0.8540509085112109,0.6331601254404741
109,0.5018263201601187,0.668830316149029,0.0,0.47939418502755365,0.7251126234291282,0.72003794877823,0.5158668989240099
110,0.7148895530135382,0.7035842832140158,0.7503690666432337,0.8901513811050502,0.8274046822450105,0.35969310679375216,0.7076820121691001
111,0.0,0.5240049148573374,0.8556837312713522,0.3841834042526955,0.6474951929491356,0.6038914251173305,0.5025431114079751
112,0.7283947644577452,0.0,0.7116984693713369,0.528766257117727,0.24822712121454127,0.5553899275207521,0.4620794232803504
113,0.7502729151568095,0.9626116334884116,0.7853041751353547,0.7830795945339322,0.5675673886180743,0.7612931479252871,0.7683548091429783
114,0.09995569628829816,0.4042155774102958,0.6846800717285172,0.9318547959825915,0.3078927389368611,0.7950806435217229,0.5372799206447144
115,0.37007592837472475,0.5713358527701383,0.5977912852472866,0.5566132176229448,0.7098338841348137,0.698052701379663,0.5839504782549285
116,0.840430679225399,0.4993370337158031,0.42115430411377963,0.8033036348241508,0.959935633006007,0.4204475119298082,0.657434799469158
117,0.4749846101081814,0.7195558775841246,0.6424634691678468,0.6164250619416971,0.444708909179859,0.6424470551660688,0.5900974971912962
118,0.05517020876394483,0.5915430035320173,0.7364421789109864,0.46010794380856396,0.8066513322036143,0.9586677090879308,0.6014303960511763
119,0.5596485731158168,0.12028211194886755,0.8486434109348453,0.7536770855899585,0.8608152775217048,0.7423668167339968,0.647572212640865
120,0.01299804616902185,0.7005018387646572,0.9609206926792739,0.6816912139377485,0.8050990385846657,0.550525703895071,0.6186227556717397
121,0.24490407302437436,0.2034374559508447,0.7264591803296041,0.7198460282341653,0.8299418055987997,0.7668505267645651,0.5819065116503922
122,0.0,0.6050145442991911,0.7567519017823428,0.9799509687553274,0.361449136061144,0.7545911382759641,0.5762929481956615
123,0.4921162810652178,6.666444451858273e-5,0.8451061825160822,3.9999200016039675e-5,0.837187099173159,0.3840838726799104,0.426433349846484
124,0.7702557775337014,0.8982060974586247,0.6403469448615478,0.729432373552609,0.9184881285204646,0.6331947964959109,0.7649873530704764
125,0.5153306915225868,0.1331193272815833,0.39029470166800057,0.7975765498954565,0.8718990553217437,0.4905482787368345,0.5331281007377009
126,0.6085520918825742,0.5850108844725929,0.0,0.41814804154909996,0.3795437715121957,0.9291881550992966,0.48674049075262654
127,0.5150531187573173,0.0,0.8086988700960507,0.5335589865662005,0.3945947641581351,0.7737444325017704,0.5042750286799124
128,0.45484014216314506,0.7716425412535345,0.26345325123734586,0.8840351586412921,0.8685779313365652,0.5084417317159697,0.6251651260579755
129,0.4850204996741271,0.8882936780688894,0.6241418703918294,0.9570543693940786,0.8022801249430468,0.4986128879824122,0.7092339050757306
130,0.9802967312624634,0.7902135705680654,0.0,0.5831545651639797,0.7424794950898755,0.524933853743924,0.6035130359713846
131,0.8467136743915873,0.6416821936409087,0.8296930096043212,0.748592455050342,0.638321855906932,0.5333811738855823,0.7063973937466123
132,0.5568304450084567,0.04251378466089196,0.7542827115865434,0.6634821614805788,0.7458295235081398,0.6289107140097183,0.5653082233757215
133,0.9220436692015368,0.3725180616375725,0.6742930340659388,0.6983949610517161,0.40707496643789254,0.6198836915388923,0.6157013973222581
134,0.33001418541363375,0.7556170991153424,0.6190152526465658,0.5621680242084263,0.7305030511084506,0.5496027986756974,0.5911534018613527
135,0.05264161463790781,0.3361870924829873,0.786993651957047,0.8461261438935322,0.6844433189058668,0.4124161497983263,0.5198013286126112
136,0.21331107507279395,0.30297240270582915,0.7997765092028859,0.7915474563367859,0.5836581550547618,0.3386643891669028,0.5049883312566599
137,0.7394216152008013,0.594614772842346,0.9591865429515661,0.8033804759827463,0.7078403140584085,0.6073886843774701,0.7353054009022232
138,0.0,0.44884405118920756,0.7310546155812598,0.33769862455693006,0.5658369255548535,0.15445916917100327,0.3729822310088757
139,0.3749094738402847,0.35308767111496886,0.0,0.4754412356632806,0.8381417149567486,0.631475125633222,0.4455092035347508
140,0.42281536552919147,0.5287416207950797,0.6831020788907078,0.18601286915918946,0.1968145216790824,0.6864298338345532,0.4506527149813007
141,0.5857664657160951,0.0,0.7590398624830207,0.7212459630649157,0.6090891945056932,0.47677131278283114,0.5253187997587593
142,0.5747524662903825,0.4653797898640132,0.421575100403367,0.8050367570680252,0.843811929401354,0.49266769195965393,0.6005372891644659
143,9.999500025008747e-5,0.13741808537386552,0.6148659499057756,0.7185440134259592,0.4615529730067665,0.6425839530652921,0.4291774949629848
144,0.6089981127606581,0.6225567315139403,0.8139655782320038,0.6644328848713092,0.5690290893338487,0.5829253439159491,0.6436512901046182
145,0.33710081343528486,0.846799058798082,0.7062892286862971,0.757176796546037,0.12282066949315457,0.8858109391428594,0.6093329176836192
146,0.7637614175108375,0.045646570790723616,0.3969308142549006,0.8315827010710379,0.9129816787913588,0.6535098121383002,0.6007354990928598
147,0.46119979696143343,0.5778066829119839,0.39191797096564124,0.9164165568395634,0.22242993693749302,0.7618664187567649,0.55527289389548
148,0.6823817107076597,0.0,0.5482986012838255,0.733427822483406,0.2784556978087219,0.5324615687297899,0.46250423350223385
149,0.17216005183663688,0.4620106350061444,0.04710924937527939,0.8200966042918897,0.7908456443953227,0.48365725435618107,0.46264657321024233
150,0.33629608687160034,0.165059356017575,0.6431705222734716,0.6841292083838424,0.6264351483745844,0.5564279560209031,0.5019197129903294
151,0.5443612011013358,0.5794208774749121,0.095962193368849,0.5349854237454633,0.6564472613903599,0.2276837073674021,0.43981011074138715
152,0.0,0.4408120122255786,0.3584563301157611,0.7407181500402141,0.976870997688242,0.7287351752413823,0.5409321108851963
153,0.47923071935179423,0.0,0.7391369580811917,0.5376713054872514,0.343513783026546,0.7263447787890159,0.47098292412263326
154,0.38062284941536706,0.6363684645224226,0.7446891325823566,0.6304496037979684,0.9072530313349533,0.8762545507405354,0.6959396053989338
155,0.631922452103357,0.6080553640444405,0.7268113290074238,0.4540282351644856,0.6933379240792777,0.5946372316245091,0.618132089337249
156,0.6471413668641826,0.0,0.0,0.5666794459560629,0.6598413415997567,0.5403033998255702,0.402327592374262
157,0.0,0.5415227219248392,0.6643343537715205,0.658100870691569,0.5134967669226672,0.3340260152975063,0.4519134547680171
158,0.3999179479401717,0.03181040489304386,0.30348928006756426,0.5982332137162738,0.7124272992807967,0.38979370136572583,0.40594530787726274
159,0.27197451442820353,0.45737148446224996,0.8561771804796988,0.8596750437030126,0.6695418844385406,0.3660830876739196,0.5801371991976042
160,0.28756372023532584,0.09478246165448159,0.6840027208661393,0.7594674375724092,0.7170104897077134,0.7169494546071117,0.5432960474405301
161,0.5993257866693064,0.6699011693391276,0.11183282814287329,0.6819372872595955,0.2496489458425104,0.32384710484340606,0.43941552034946985
162,0.340108249282427,0.7645636322272303,0.7967682915980905,0.7530794853609738,0.6695872744728331,0.6841545443962403,0.6680435795562992
163,0.0,0.46474824338880905,0.6787998795151753,0.9888580036436416,0.8275915632700149,0.39575094490923995,0.5592914391211469
164,0.5334796779890206,0.8826169671611993,0.9900490126026034,0.6308935513983503,0.7092911402213071,0.9413623383646377,0.781282114622853
165,0.0,0.5037660608090578,0.6306058121370639,0.77237371596244,0.7389783701528044,0.5618334964692904,0.5345929092551094
166,0.0,0.6109738552269397,0.5528289303666984,0.22207317199218887,0.8563860691575951,0.6606572676753825,0.48381988240313406
167,0.7412619525109283,0.5950828602526822,0.0,0.7752306713883945,0.5938435121546374,0.6183285104544972,0.5539579177935233
168,0.511727277467091,0.0,0.20976276611743436,0.7135767198924199,0.5342093300486958,0.775743302328014,0.4575032326422758
169,0.5840751353138598,0.8088886283502498,0.4885211827641987,0.8154793583975306,0.47999155285905554,0.5499795557485035,0.6211559022388996
170,0.4963426875614662,0.4989840010300555,0.7938067222357966,0.8402880771694057,0.20156507136929375,0.43349026705288796,0.5440794710698177
171,0.36470036853507015,0.5012625264004538,0.478011194525416,0.9074270305590277,0.5325169637844712,0.5541875902425784,0.5563509456745028
172,0.30594975187414514,0.014292924067598578,0.5772008181016601,0.5666053131401911,0.0036035573605825892,0.9048944962499814,0.39542447679902654
173,0.6246006181259565,0.7643249215608277,0.4950341483451821,0.8748771161880526,0.623027192605136,0.14199440662829033,0.5873097339089076
174,0.3993750860783707,0.08882782581164182,0.7891938567563215,0.7636684223004713,0.7823622140810684,0.7111970542911453,0.5891040765531699
175,0.47295571919363716,0.6156705554123023,0.20733867281662,0.546816453450004,0.800956039254043,0.6843810952448255,0.5546864225619054
176,0.6110040328759047,6.666444451858273e-5,0.8431607143865429,0.8827219434643363,0.8565890178311799,0.8305321953972019,0.6706790947332807
177,0.4998858501678507,0.4502154281171288,0.7696398027939847,0.5870557333506852,0.5775069187396751,0.7183835789125033,0.6004478853469712
178,0.5132697728904675,0.7258852208856514,0.7807469516659483,0.5976636461275978,0.645900393695998,0.6228845609913132,0.6477250910428295
179,0.6898114283736388,0.42945464622608825,0.0,0.9821839489589071,0.36482802643079804,0.36116019521757436,0.4712397075345012
180,0.42925190766283966,0.5703554330883323,0.6907385057685611,0.17750462857541627,0.9071711432416356,0.7513989013820194,0.5877367532864674
181,0.7156339847885043,0.4076981590124406,0.79251540649104,0.27303462969958875,0.8898503596298165,0.48477466756428456,0.5939178678642791
182,0.17191165477099213,0.47294406470924577,0.8469549278994185,3.9999200016039675e-5,3.333277778707022e-5,0.7311137479541948,0.3704996212186091
183,0.5324232781110764,0.20869683830285604,0.5973726834737948,0.478907021478109,0.3625118505855169,0.8487516180472582,0.5047772149997686
184,0.711383929127564,0.2495953391988884,0.8218940533860254,0.6333392724401353,0.7502052552130137,0.6314279980567814,0.6329743079037348
185,0.41311465707826994,0.6710896937553441,0.7091384520528883,0.7818075725890915,0.8683589651455043,0.8755202970191506,0.7198382729400414
186,0.2924402784104158,0.6797139792313431,0.2886616823418162,0.9436574143281506,0.47380824168889096,0.791278705079425,0.578260050180007
187,0.6014944152728174,0.6773300197581595,0.6609756721105372,0.7327881240396269,0.3457532161681111,0.5260004587564847,0.5907236510176228
188,0.0,0.6308538983250401,0.776490056924433,0.6046456850043626,0.5725480654592044,0.6656446909725685,0.541697066114268
189,0.6131572345327532,0.6816967258044357,0.667447131753027,0.5628574635581942,0.7183329846108946,0.6359048573587961,0.6465660662696834
190,0.47318923981793204,0.9409137631374744,0.6357335431505955,0.8050019970030601,0.9158969298948402,0.331394440639333,0.6836883189405393
191,0.26668255690100956,0.8849922491722518,0.7729287176113361,0.8550924255207956,0.8711597524254447,0.509040034647297,0.6933159560463557
192,0.8680653968746153,0.874209898952564,0.7692519907003454,0.500717266852345,0.4354334774368015,0.5899395755211024,0.6729362677229621
193,0.1626946845680322,0.5441598179728165,0.18253778134973186,0.733097041749791,0.5788214339881217,0.9063443473935392,0.5179425178370054
194,0.6982825629395459,0.0,0.5817587995864901,0.10518059700842138,0.9016883200734667,0.4888013951477103,0.4626186124592724
195,0.0,0.43228977294513937,0.012998990417649082,0.6195320187956568,0.6792892265675842,0.7585824820291999,0.4171154151258715
196,0.47504586550729044,0.7028364955374127,0.5125690249944014,0.504168399455388,0.890665388385005,0.8303163471923726,0.6526002535119784
197,0.69100422104325,0.49987888210477566,0.6550487538634591,0.4687105634422389,0.5766910005003066,0.5520994856126107,0.5739054844277734
198,0.7260265824065466,0.6239495490242803,0.748347523703484,0.7596850162983483,0.8217354337643268,0.6139163390191663,0.7156100740360253
199,0.464144170940991,0.04491868646930217,0.7373474173534463,0.8384192782146223,0.5446800490429545,0.5749713308321825,0.5340801554755832
200,0.12625143828631327,0.2932637738490865,0.6285919491411661,0.7643032927248246,0.7337745903135321,0.45705958998981194,0.5005407723841223
201,0.6054195997908561,0.4451435910059584,0.5774948273583091,0.09979447196868757,0.9176990584452616,0.6330818491880876,0.5464388996261934
202,0.39921551714680636,0.45293147811176454,0.5406918861657567,0.5203456120299025,0.7544731443223945,0.558021419428444,0.5376131762008448
203,0.0,0.5100369603505147,0.6490687804409944,0.6598359326959848,0.8621971975446857,0.7449299817057444,0.5710114754563206
204,0.5141466177457777,0.7478020776216023,0.8055111591279667,0.7682314733093663,0.8722305219808195,0.3986996255609405,0.6844369125577455
205,0.23279916187837535,0.1539161736670992,0.41104652738713426,0.8646128166911634,0.8576498113334166,0.44858612700292905,0.4947684363266864
206,0.0,0.3856419356860097,0.9100435399222726,0.7664199004087983,0.9438481797762918,0.6415509607616475,0.6079174194258367
207,0.0,0.26366139270278227,0.25069751713067245,0.9480520178719009,0.6196428921796906,0.5476068787234308,0.4382767831014129
208,0.5490726390318186,0.6875155529066536,0.7471642554268052,0.11910475689594362,0.8007601428902503,0.649867449418096,0.5922474660949278
209,0.5418592986728559,0.5380167467229671,0.5740266583578439,0.6737784007896755,0.3183776117024308,0.9332040107415486,0.5965437878312203
210,0.5845930454824176,0.07126827067053446,0.5956036171864516,0.6775093786510802,0.8060924910198344,0.40055078660372895,0.5226029316023412
211,0.6392322715497726,0.3663749371036539,0.5034663760059972,0.8345800373861884,0.6507030369338037,0.858015805607969,0.6420620774312308
212,0.2579854353935645,0.030506533912645777,0.7826928865813024,0.7189962733873352,0.43697188890016814,0.6686518646518809,0.48263414713781616
213,0.49900995191169134,0.8019805322089254,0.7931096850850052,0.6902955305011464,0.4807185356388993,0.8595170564289555,0.6874385486291038
214,0.36110948621964284,0.5098709164436726,0.8218987576939519,0.44220840352226154,0.2063007769315802,0.6517840648200909,0.4988620676052
215,0.6301182893230948,0.6932441188883729,0.3103687903576327,0.9671491556349449,0.2341935063252881,0.6093726074969862,0.57407441133772
216,0.874101782566681,0.49724138614310165,0.3185898391191354,0.8241763571226394,0.8671309921611563,0.5926631195281308,0.6623172461068074
217,0.19113840063516993,0.48476084633868166,0.8822548802830473,0.9032240182370427,0.28489191077041365,0.7667600568395955,0.5855050188506584
218,0.6104920722900337,0.12183419608473235,0.7065923443720734,0.7603325241164638,0.6151486107996114,0.5031822287910307,0.5529303294089909
219,0.8004923303395479,0.0,0.5922364187888363,0.6508833771839356,0.9253318148832582,0.5293810731274109,0.5830541690538315
220,0.6573802532391095,0.6002625791929016,0.9232819392776502,0.8718779055921433,0.8507613650576139,0.62302566350457,0.754431617643998
221,0.0,0.5007026818411502,0.6592331448032778,0.46343742498724017,0.3479092927797749,0.7445641152439338,0.45264110994256285
222,0.2618754409187528,0.5542992429220535,0.7049825099873182,0.8308465170770064,0.8898281408439873,0.6568321725937374,0.6497773373904758
223,0.2986573544971122,0.5228696720072504,0.6024552855914146,0.5983378164122536,0.6890579757094341,0.6514070370118303,0.5604641902048826
224,0.4370366027742726,0.5841105004143691,0.6282752665825595,0.8226746845086849,0.5225074449381508,0.6384192768527674,0.6055039626784674
225,0.6040848331168743,0.2575235178602122,0.8224396626312687,0.737989114828798,0.8114280209854527,0.7410761748494991,0.6624235540453508
226,0.3491386783291457,0.8707210274415529,0.7489311453765294,0.8385455214739858,0.5854984165421707,0.7263207666619339,0.6865259259708864
227,0.5115822080166378,0.7519381008159914,0.6006897066812813,0.850119689644269,0.8666183242857255,0.6851792916986227,0.7110212201904212
228,0.37837196259662614,0.541548534712012,0.8375498720792597,0.20019871462462382,0.5768203176781626,0.8277972348527316,0.5603811060905692
229,0.0,0.7161238141402531,0.0,0.794024718298169,0.6383331513345968,0.8820079009009031,0.5050815974456536
230,9.999500025008747e-5,0.6461998965692372,4.999875003129923e-5,0.6458256625037355,0.5683618698794743,0.3582771839980934,0.369802434450137
231,0.11779039877585691,0.9284907727894519,0.3291461169545254,0.24878253029007003,0.8857121508590026,0.821921195459831,0.555307194188123
232,0.8023427418008323,0.3582471447473939,0.45752388952988726,0.925203588781026,0.9754331793952435,0.6355431762233026,0.6923822867462809
233,0.0,0.5218432526460863,0.7048352211801688,0.9129004678299729,0.8213502141813553,0.36846034162415386,0.5548982495769562
234,0.5534393409127983,0.5840569784211782,0.905613001406784,0.7133527336181084,0.6136403832536428,0.777435613878539,0.691256341915175
235,0.2717842648964826,0.4866835791807913,0.5193199214862942,0.3873818506643628,0.5208783439252049,0.5956341651818402,0.4636136875558294
236,0.7232214000577105,0.0,0.8716189785190928,0.8660075905371156,0.2552723376511123,0.44988646942591665,0.5276677960318247
237,0.40687772606942196,0.8714521605110702,0.8354741439974119,0.8717999070855622,0.7567293860550204,0.6284954720592734,0.72847146596296
238,0.43926707789408687,0.4600661495185474,0.9223549790481579,0.45837834646514625,0.7052785618853459,0.8678842296462842,0.642204890742928
239,0.8435065251587328,0.0,0.8795878336868929,0.02020518167356154,0.6195819442229901,0.589483892651468,0.4920608962322743
240,0.44262763382856113,0.652480751669643,0.644728964587305,0.95511500828346,0.712925294818047,0.5159181726039392,0.6539659709651592
241,0.24855821475443798,0.40890048414109925,0.5668421026204847,0.3654354720494655,0.6126582800367932,0.7288648008036399,0.4885432257343201
242,0.0,0.6168629227752084,0.6415231232466078,0.4515614944362134,0.581916198106452,0.4232839224750125,0.452524610173249
243,0.0,0.0,0.0,0.5388338666538465,0.6756827609105694,0.6377439307513345,0.30871009305262503
244,0.5525012143182795,0.3802937737378203,0.5732006054322081,0.7828473190845578,0.9149118015889621,0.21287200861144345,0.5694377871288785
245,0.0,0.6320312164145594,0.678150092101751,0.7601749765600047,0.46273656936220475,0.7942807648686401,0.5545622698845266
246,0.47359546290473337,0.10111344904927007,0.8578571348798223,0.4506556425102263,0.7667213936244576,0.5274754962592205,0.5295697632046217
247,0.44152870591382326,0.6806527957950481,0.0,0.4968326148672604,0.7034909704150369,0.7243953284329441,0.5078167359040188
248,0.5004376977703341,0.0,0.8400682098942407,0.7538335098073224,0.5248788855493286,0.553166685245776,0.5287308313778336
249,0.538561023845024,0.0,0.5589605110271824,0.5310947786873974,0.658078568191142,0.6617381709042788,0.4914055087758375
250,0.8330558108092349,0.5868650715717023,0.8754498403272202,0.9218602689648145,0.7412645731112756,0.5481143779897731,0.7511016571290035
251,0.2435784418507316,0.6375702220879138,0.2650337212470941,0.5622295485898495,0.40309034628516244,0.6611468495676968,0.46210818827140804
252,0.6736855360866187,0.7630604419407704,0.4352549565677495,0.9175269743399904,0.685803097745739,0.36354940689269577,0.6398134022622607
253,0.0,0.6273707640314985,0.15454808801184688,0.7935726833768143,0.4670027692281225,0.6906822401608447,0.4555294241348545
254,0.8410462728119801,0.6723521466468372,0.7467692464175872,0.87910464516949,0.6576952070882239,0.45358345537807154,0.7084251622520318
255,0.31690164975905916,0.679953484138092,0.8194120847610736,0.8250991984939301,0.7166896587249467,0.5768722329060366,0.6558213847971897
256,0.1110078624603783,0.3541878553640172,0.23972709421096527,0.6722643823952582,0.5770917005547865,0.36526138181873047,0.38659004613402265
257,0.7073799114718778,0.0,0.7620224853921085,0.883280786573694,0.5866116781747442,0.6799990247042714,0.6032156477194494
258,0.6611888302972174,0.906458437371216,0.840781918576971,0.9271747986256473,0.7799803599877975,0.5830778331535693,0.7831103630020698
259,0.3530633081507938,0.8843860688259282,0.8809170932945718,0.7929577016402252,0.7113669733174154,0.8748288259040483,0.7495866618554973
260,0.7075168501160619,0.0,0.8559976240080654,0.3749972681785695,0.8607670318410531,0.5826371866938641,0.5636526601396022
261,0.9435253769762457,0.0,0.8154442288231611,0.7085922489224658,0.45949600902465004,0.5712268539434504,0.5830474529483288
262,0.5114202354080853,0.6427710513257529,0.4948707597779872,0.46841791977362485,0.7343546994043921,0.936744668302114,0.6314298889986594
263,0.6136163269942059,0.5826168221704044,0.7370558684118282,0.7199007191027451,0.1224477275720817,0.7108503519902063,0.581081302706912
264,0.6964021257024356,0.56426411124901,0.8213542018413622,0.7446884694484801,0.9546586135322501,0.9376107522684852,0.786496379007004
265,0.43277616532785057,0.690795592124173,0.7031166382317371,0.48411335679041806,0.4590978270728311,0.6589548341654344,0.5714757356187407
266,0.0,6.666444451858273e-5,0.8956522309329584,0.5923511117928703,0.45956956999325393,0.7221653850681661,0.4449674937052946
267,0.674628981187435,0.6550849572914815,0.0,0.7647507327967311,0.7080564947843431,0.23854332347123136,0.5068440815885371
268,0.7704561765891704,0.5875968406969208,0.7057310582231672,0.3503273151087989,0.8406165253028293,0.6239804818273668,0.6464513996247089
269,0.26752882678002876,0.575354797004237,0.9234353428410483,0.2670686432364127,0.4162134165336827,0.40571835642131593,0.47588656380278754
270,0.8269741252531901,0.2261694730546903,0.8520449194046448,0.8341237421394044,0.88979721374283,0.1275076375635893,0.6261028518597248
271,0.213657821112331,0.6790194579155236,0.5049823356852884,0.6718613396039403,0.6405589726392201,0.6522620151261866,0.560390323680415
272,0.5678167022269078,0.0,0.7320247891922528,0.852570501211477,0.34787980783179184,0.6481150243071674,0.5247344707949329
273,0.5866544942230778,0.0,0.6189102731349443,0.8370461209422906,0.7024392413505671,0.4885809491172456,0.5389385131280209
274,0.46566138141550306,0.2667099835337236,0.703113394230939,0.8104432079289552,0.8236869748666096,0.923956999054852,0.6655953235050971
275,0.22218390928999737,0.4854560284134984,0.9255876955526798,0.8574936978271624,0.6821065589454612,0.4920429682863003,0.6108118097191833
276,0.38594636871128807,0.4814024559591019,0.8036613072968902,0.8154105655913656,0.7403852389566066,0.39292886258390297,0.6032891331831925
277,0.174160034731876,0.7328688454166293,0.0,0.21550932277632126,0.6325703259878246,0.8468388144757327,0.43365789056473064
278,0.3104617278153724,0.6502474687294864,0.7747759825173868,0.7816022288183534,0.44646146870192466,0.5304512753915709,0.582333358662349
279,0.5734542861994999,0.8608021645137324,0.0,0.6358508745354572,0.4690035439927838,0.4082981278422082,0.49123483284728026
280,0.5320200580205351,0.0,0.7056509533750563,0.7887223225292328,0.8440894311725404,0.7502316443072956,0.6034524015674435
281,0.7025315859017061,0.0,0.7126815521166963,0.48268900691993005,0.6628490038505193,0.47296351639819045,0.5056191108645071
282,0.9386083807318786,0.0,0.8525933616061374,0.7440527108041174,0.10689363879070243,0.34975812427454056,0.4986510360345627
283,0.7141215462762052,0.3482225429803763,0.8893450282702172,0.1928869208897439,0.9433273026429139,0.2537204215731994,0.5569372937721093
284,0.7191021371324405,0.16224213945472873,0.7750602016187879,0.43710836909613865,0.7837465154201976,0.40567609547117495,0.5471559096989115
285,0.4346914910536625,0.3276509229919679,0.8883088742834294,0.607229009260967,0.25350489671533827,0.7409397126336362,0.5420541511565002
286,0.5322658324493497,0.5203630395397052,0.6487183100935555,0.7181182821298329,0.7650396722180874,0.668687381865307,0.6421987530493062
287,0.5696754499910279,0.0,0.7160579978178733,0.856574106432652,0.3016502483037895,0.5286241112606471,0.49543031896766493
288,0.4692368040842847,0.7035935142209695,0.5473587232741661,0.697815065861609,0.8186404904191626,0.775536950801183,0.6686969247768958
289,0.0,0.6819432027469288,0.6583041159686225,0.4140522222677596,0.5170115649934144,0.5469637637500545,0.4697124782877966
290,0.46240239148543755,0.8617605580640275,0.4303564366481006,0.5770910851880295,0.8170089452627287,0.9486353684234357,0.68287579751196
291,0.5991028100650152,0.624395393990436,0.5663312738910565,0.8563088606766005,0.5254693059900973,0.500129055883778,0.6119561167494972
292,0.4892238155239982,0.24844226516443502,0.25363849965380403,0.651655931998915,0.71666875689614,0.4203503005620387,0.46332992829988845
293,0.5282597923199077,0.7922354484939799,0.8182207186367702,0.8547189951809985,0.8143208866313365,0.37508151106318943,0.6971395587210304
294,0.28805390497269995,0.14690540429418042,0.0,0.8509687936192862,0.4791166655190755,0.49659670536353523,0.3769402456281296
295,0.0,0.42775470591685133,0.861866369202349,0.6090663896983773,0.6992373286888829,0.33258634747310833,0.48841852349659476
296,0.5927234991945111,0.6861527367145861,0.8814236309818789,0.8974923287280566,0.7880624661457175,0.39016974743625843,0.7060040682001681
297,0.6467577142949698,0.5655521465143152,0.7506162868254636,0.48619973169411695,0.8347076548350476,0.5038896320954106,0.631287194376554
298,0.43381927485910443,0.5813902062033997,0.9677762959361236,0.5025553295359452,0.6349929797813587,0.6363632910627866,0.626149562896453
299,0.3889941508439959,0.05898764071540982,0.7881312729274609,0.5761359930299829,0.7733310913324253,0.5275823696393672,0.518860419748107
300,0.5650263233577287,0.599399679284993,0.8636759554221642,0.9447267750974087,0.6684891754787361,0.4557849859595719,0.6828504824334338
301,0.589480471797488,0.579763953913197,0.8597984778345938,0.6844376037731235,0.7084595298538201,0.569201837272906,0.6651903124075212
302,0.0,0.5490689437751937,0.703494508578075,0.6591960447414468,0.6956535553687694,0.64035870640117,0.5412952931441092
303,0.852821659636457,0.6024688802145767,0.7908098560539353,0.7938195250393975,0.7148173868651203,0.5213852459697905,0.7126870922965463
304,0.6263167608677099,0.3965000255890914,0.6470447022129996,0.7880069883464496,0.8223768974695861,0.9201290502368908,0.7000624041204547
305,0.0,0.734712083866447,0.7098654576202332,0.007799074579834757,0.778026975403225,0.6066492846903582,0.472842146026683
306,0.47626756245561025,0.717466266718929,0.9923099354028737,0.8072234718752119,0.8500049659173708,0.6472912744323668,0.748427246133727
307,0.046414589473049266,0.5969572388701524,0.9400533122596828,0.3814823664538748,0.6582700338901327,0.4796430580578681,0.5171367665007934
308,0.6877600389650812,0.48111897976582924,0.649867223664927,0.464201145392961,0.7551710671831339,0.5730638887958223,0.6018637239612924
309,0.5040935535084821,0.29442250551990023,0.7909506831259212,0.7373769294114257,0.6293108834163109,0.3804615509221055,0.5561026843173577
310,0.5074193524708331,0.6476207934263889,0.5187608699322414,0.6866029087495467,0.8879665494615939,0.6930187504742139,0.6568982040858029
311,0.43079487281937023,0.6710935697797789,0.7547290036695029,0.7947345656572112,0.5017407178017459,0.6237450311794365,0.6294729601511743
312,0.5485331460782059,0.45241654487301214,0.3338066224768313,0.868905927873497,0.8454922320976447,0.6915478422842943,0.6234503859472476
313,0.393376063360775,0.033903732989135175,0.8589440795718043,0.00734545063474173,0.7246141860806719,0.7761127461777988,0.46571604313582116
314,0.4122479129053082,0.7586627984434807,0.6371024969675828,0.6249752543565368,0.7005478690847486,0.3013983455676228,0.5724891128875467
315,0.5705557338995917,0.24913783938337616,0.273377661754801,0.183198099739163,0.587008287542703,0.535702981801418,0.39983010068684216
316,0.4223215877014482,0.833190477831015,0.4547137637377406,0.7851328930760048,0.8118297866622712,0.6397576081259337,0.6578243528557356
317,0.2584734804483616,0.0,0.9055852025847958,0.8628546523060834,0.5538934750485279,0.6083220786460983,0.5315214815056445
318,0.2260214157692534,0.11608158429472167,0.8713724664504348,0.3328956048906404,0.7658301192426366,0.6961523951822096,0.5013922643049827
319,0.6585092367249944,0.6582119921887726,0.45350859753869716,0.9070926919244624,0.8278606571304712,0.28643492711052765,0.6319363504363209
320,0.0,0.5669163695593684,0.8516698987530835,0.523883712400918,0.8397481399242035,0.3055538488419081,0.5146286615799136
321,0.6442882074646461,0.0,0.8336914022556396,0.9237000520204526,0.9013825182997837,0.5875006390773888,0.6484271365196518
322,0.0,0.5560541371821899,0.9771910371221002,0.501264343360797,0.7386181696584734,0.7925313017426009,0.5942764981776936
323,0.3492016279321478,0.16806851810878073,0.0,0.736756709679302,0.9477738654204433,0.6989114555621849,0.4834520294504765
324,0.5143531535999619,0.09813555722223799,0.5859920080545741,0.9114411043649788,0.6165231606180617,0.9023865501455038,0.604805255667553
325,0.5404312262632869,0.6363952420727733,0.8259155266587023,0.6206362800517263,0.65610076529069,0.0,0.5465798400561964
326,0.0,0.6214288248548397,0.1797339731364858,0.5584661289336165,0.7420407827831736,0.7481686476016058,0.4749730595516202
327,0.4364291654734877,0.4243071553625057,0.8252189590126147,0.5437655301783543,0.91676809752736,0.07306050552609018,0.5365915688467354
328,0.7284320162319061,0.7349656178286897,0.9075315399407453,0.8166002387541428,0.45418731638206455,0.6408272898246339,0.7137573364936971
329,0.3823143015420046,0.14886137097527544,0.6932044293716522,0.5882669670643361,0.7614835194905771,0.20627232178776214,0.46340048503860126
330,0.48547383294668367,0.5953102026905182,0.8042415503602036,0.334071035372979,0.9279327952800311,0.8338020446274128,0.6634719102129714
331,0.15742658169824478,0.0,0.6330298137562437,0.7803594085690493,0.2013266621505622,0.5402730793846003,0.38540259092645
332,0.48870427341115896,0.6775416502121563,0.3856560937639822,0.8794424685004794,0.3597155005041577,0.7279856731269944,0.5865076099198214
333,0.0,0.22858522808572787,0.8591502741644661,0.48025558410312313,0.7904013525077338,0.7335614858722164,0.5153256541222112
334,0.7351245211573285,0.7567520168186321,0.32870139538705384,0.8733778679506928,0.6364506666895838,0.7685472533849057,0.6831589535646995
335,0.000108327465594103,0.0,0.9002057590851527,0.8209550375391171,0.7867718183604098,0.6733673439463467,0.5302347143994367
336,0.015549038775521017,0.8698002537594196,0.1629281272273051,0.742361578838606,0.7778573044416667,0.9340533149450808,0.5837582696645999
337,0.0,0.5390593994936876,0.6059103678272145,0.7636991688413253,0.7480861445662517,0.8029924978135867,0.5766245964236777
338,0.5645990868198846,0.6745131289367601,0.730808960305963,0.6929551535291277,0.7838355647636186,0.6628111201649044,0.684920502420043
339,0.329258989929858,0.160533721759919,0.8778582811971711,0.7376623181282418,0.9327531922266751,0.3869377945883395,0.5708340496383674
340,0.0,0.20091274709638623,0.5635424733593827,0.7438445330355513,0.12305757015791917,0.8765114907532413,0.4179781357337467
341,0.5697261624359117,0.18960536652816326,0.8857059071828121,0.7998543027513615,0.6178212546446488,0.5914141167372522,0.6090211850466916
342,0.66048186831156,0.5426374802779935,0.7911940718122114,0.8920914061825522,0.9340497739864186,0.5814741759369079,0.7336547960846073
343,0.4963375367405791,0.7727606512182823,0.16853797903269724,0.8320911665742055,0.9207808702545838,0.6334329108379232,0.6373235191097119
344,0.4883310413968524,0.7593089315140454,0.6183336313034686,0.7519308469105317,0.5248471023432318,0.471890173903245,0.6024402878952292
345,0.7036417181708956,0.0,0.687443858442072,0.8683920608366714,0.5763475170533786,0.4356882941269623,0.54525224143833
346,0.5076538993657229,0.19414227872590478,0.416527547677579,0.8204741772926132,0.8727343739305625,0.5066914011641909,0.5530372796927622
347,0.25433916142630014,0.5337027119318465,0.6649227018585046,0.7051103733571069,0.9155514737702178,0.8471616517565334,0.6534646790167516
348,0.24770402118799456,0.41904435390854916,0.6792653171413554,0.4203207101093946,0.838995432089071,0.8170439041737072,0.5703956231016787
349,0.7342794188956921,0.7917946989345932,0.6349270024546639,0.8928772960810445,0.9609725411568699,0.7328178459244411,0.7912781339078842
350,0.08034908240325116,0.7184310531123479,0.9217777077497189,0.7212679769579575,0.8134508207683802,0.6809477702491364,0.6560374018734653
351,0.6831496266455774,0.6320399954623885,0.5384058663099741,0.8396740202430122,0.9933463849840358,0.6421841278480822,0.7214666702488449
352,0.8405802182741564,0.6810642390725283,0.0,0.872176209909899,0.6682349296567599,0.5984805514680437,0.6100893580635646
353,0.43984559223791553,0.03139558390879473,0.9484347306460051,0.8666388466508799,0.784629778649863,0.6268749868739851,0.6163032531612406
354,0.5815015209325242,0.7629122615042321,0.9589071925514405,0.7925966253101688,0.6045394511137234,0.3648856078290373,0.677557109873521
355,0.3685973880619524,0.6431331765528638,0.809702119906955,0.8362016452414062,0.7419675470205122,0.8897886258331659,0.7148984171028093
356,0.6361585404828916,0.7426851534928727,0.4068228547852872,0.9170533847543081,0.5948502449181433,0.259182062494795,0.5927920401547163
357,0.5602125277094876,0.07318595721086861,0.7527031452907051,0.0,0.8997522424227269,0.6416963958948243,0.4879250447547688
358,0.0,0.6370492534022383,0.17305136239791852,0.954568461900706,0.868999164830265,0.5460674937067855,0.5299559560396522
359,0.8322633436707153,0.49259265388059553,0.9472988632780759,0.926759914331957,0.8149646597263571,0.6555626235887656,0.778240343079411
360,0.30268434164124114,0.7250553118256112,0.8684254064319467,0.5608128691902909,0.6919953770465228,0.161581227146865,0.551759088880413
361,0.3182549496646524,0.34333378836090844,0.8072734276728819,0.9458589946416825,0.5607109911595919,0.8886385397450277,0.6440117818741241
362,0.8158353254273129,0.4138510079442136,0.9355249160782636,0.48858393194493793,0.4689944766082355,0.7315267994353014,0.6423860762397108
363,0.0094894750476005,0.0,0.7031422468532349,0.4836907842438498,0.7021973720505463,0.4367953912145143,0.3892192115682909
364,0.7095043117241006,0.7151128811598013,0.6555640334079458,0.6631522571852889,0.8981803110948089,0.8533725344581803,0.749147721505021
365,0.48619541232463986,0.6832294397055123,0.732510587422857,0.2525679390358108,0.8102783393201511,0.9667951722847004,0.6552628150156119
366,0.5221855443204777,0.5521036734214784,0.9450097234765372,0.7608613268873278,0.7815817377432516,0.429657951456609,0.6652333262176136
367,0.5108780907641022,0.8523268079981821,0.8060317234510483,0.0,0.49896483759652477,0.35372860830643527,0.5036550113527155
368,0.46143941531550997,0.0,0.8231876575405708,0.5046018740263887,0.721769902894519,0.868079892709576,0.5631797904144273
369,0.4975424256100426,0.0,0.7580952037976038,0.8268423313291883,0.7865045216052635,0.5211703357386988,0.5650258030134662
370,0.4261529708181362,0.5719717588537205,0.9235409347846676,0.5662039255186387,0.8137447009187739,0.614303904811406,0.6526530326175571
371,0.7268155197378908,0.6163885051958417,0.606430769155305,0.7380234105660832,0.8651497220168729,0.4368282402604808,0.6649393611554124
372,0.36883801208189915,0.8320081510108316,0.7776755305068915,0.8023512175115782,0.8310743577369297,0.4032162290336021,0.6691939163136221
373,0.09369804827181986,0.6504126883816752,0.8673678010742939,0.8880407604252459,0.5253846927202183,0.49600185906435335,0.5868176416562677
374,0.06485274562042734,0.6659040128941268,0.9524774977302498,0.8195306251564551,0.7953993649001108,0.7729237583084725,0.6785146674349738
375,9.999500025008747e-5,0.6817767288345442,0.7949083077383348,0.7732934741539704,0.5589731226174982,0.8698216777319204,0.613145551012753
376,0.32465391119768844,0.7044068468578792,0.8012132129712297,0.6289093782045537,0.5462557667937544,0.5137590803693466,0.5865330327324088
377,0.05671312539277627,0.43381275177387635,0.3647039768807488,0.6645738695795818,0.46608679597004726,0.7937371468108066,0.4632712777346395
378,0.5552270327506825,0.0,0.37346788372587747,0.39131741293674027,0.5071916626595389,0.6715999859736923,0.4164673296744219
379,0.6374235216008507,0.0,0.0,0.8224381673827773,0.32219857777737515,0.23392548928861548,0.33599762600826977
380,0.6140892045294118,0.5968661123034759,0.48934206269447944,0.7142614579050756,0.8746036719356283,0.5704278250510246,0.6432650557365159
381,0.5300943458239051,0.4409735921634465,0.77708672008311,0.7876312921286154,0.5992543806493067,0.6215681090024462,0.6261014066418049
382,0.0,0.0,0.6479672609606895,0.9538523467472763,0.5867599075596499,0.660125609506342,0.47478418746232626
383,0.5503210902706487,0.6391215418025726,0.6846849062733383,0.9124873407804773,0.9286033119924204,0.6530040989692929,0.7280370483481251
384,9.999500025008747e-5,0.7223658190934232,0.6344005934500392,3.9999200016039675e-5,0.45787845769477425,0.41472246727776957,0.37158455528604534
385,0.0,0.48326619030033585,0.8694867940786626,0.7546808982072786,0.6162727350358155,0.6228589278698226,0.5577609242486526
386,0.0,0.7021740444861325,0.4056889198715276,0.7322933963669602,0.38085407323187187,0.5314785204752821,0.45874815907196237
387,0.3062334348351257,0.5970598728775106,0.6998243412638824,0.8333419868029801,0.7489857039224446,0.6978038950118866,0.6472082057856383
388,0.6877947853866634,0.40401072304021435,0.0,0.8534508649761434,0.8375789100977189,0.8206787860241956,0.600585678254156
389,0.5318321671642805,0.0,0.6309862123176876,0.6808823535363486,0.7506914360330492,0.4268467699296525,0.503539823163503
390,0.4136325564493455,0.0,0.646711340630369,0.5463624338703374,0.465793891417687,0.688443989742205,0.4601573686849907
391,0.49731989788811254,0.10619128234393664,0.8919426841407845,0.4969062897631496,0.3293823587350906,0.6438523755362537,0.4942658147345546
392,0.0,0.38571664773376146,0.8604666590548253,0.058224363442252736,0.7133713446474982,0.7754308038726544,0.465534969791832
393,0.33657407829662683,0.48332231463353253,0.6272428753038624,0.6627736413767806,0.7290987950449161,0.583074620405488,0.5703477208435345
394,0.31260090064223467,0.0,0.8042781069198744,0.6262066719355238,0.521534426192009,0.5951228092822852,0.4766238191619878
395,0.7293091161990962,0.6587065499375846,0.7156073974933337,0.38525748451814573,0.9583450056413436,0.3061808417920989,0.6255677325969338
396,0.4289074168505213,0.7023465831594184,0.251448580720963,0.8701056973450952,0.19686649165357642,0.8391842003257557,0.5481431616758884
397,0.5717969558407255,0.40284216702733505,0.5307386545565825,0.7986257627974466,0.44919138964354105,0.714010169515005,0.5778675165634392
398,0.5344764825738623,0.2625633889964381,0.8542729224230092,0.6395609303255896,0.37863619437367974,0.720451132586149,0.5649935085464547
399,0.41222395652475285,0.7061934394276476,0.6400970189675611,0.7825222258342522,0.7898085753255132,0.8479664218904935,0.69646860632837
400,0.15062715085205355,0.4530367048485744,0.6564736388260206,0.8577552223234519,0.03559385017470816,0.5457175656910681,0.44986735545264606
401,0.7746736129710192,0.06872957496836,0.699163277144968,0.6956615997364066,0.5034261934128019,0.4938229057587277,0.5392461939987139
402,0.5008281605295126,0.6070298314120519,0.6480439300634058,0.7938368772991925,0.8148120865482679,0.4665043980638622,0.6385092139860489
403,0.444409270673039,0.5098404548436193,0.2249318415257253,0.7707979080555147,0.5419933346254615,0.46558124190938294,0.49292567527212383
404,0.4399092946905722,0.7959312009892546,0.9433087503119282,0.8722957376319254,0.15536520883697164,0.9123101363835597,0.6865200548073686
405,0.6462438061462366,0.0,0.6344002744231096,0.7198063038796324,0.19479972012500826,0.8060245571142136,0.5002124436147001
406,0.6020085009170582,6.666444451858273e-5,0.363983897467631,0.705623486736417,0.6912265065158373,0.7070942428795688,0.5116672164935051
407,0.36714514113701774,0.5753094196962929,0.6210764759297287,0.37673226537482174,0.6501974300879153,0.7044510889334497,0.5491519701932043
408,0.8112834729155046,0.6088741502573977,0.7278259751140731,0.5478218257755476,0.6757654864210969,0.927254946296094,0.7164709761299523
409,0.027044897955409788,0.6566543085114791,0.7800629434332154,0.4065644289828079,0.6393638452422661,0.33975382615054994,0.4749073750459547
410,0.7371289754163728,0.3887826176227559,0.8246187890017219,0.812829181424018,0.11378472572266891,0.6493506719355738,0.5877491601871853
411,0.8109956518693877,0.0,0.690867821350258,0.7687077865859737,0.648949562572041,0.7299413051327326,0.6082436879183989
412,0.0,0.9185303674080066,0.17368728706303466,0.6574616901383923,0.7633035152001711,0.5870982740927764,0.5166801889837301
413,0.6212525793508653,0.6365962891629385,0.9450471083842384,0.9369250238363752,0.787283642151156,0.46386294078574275,0.7318279306118859
414,0.611314365492836,0.6601686113687028,0.9479763207328775,0.6339014411557821,0.6078612932003223,0.8724955199693654,0.7222862586533143
415,0.3649782411625708,0.7933959988527294,0.7514663081857559,0.9082637126233223,0.6569120962869244,0.5428100511475213,0.669637734709804
416,0.0,0.7201910617210826,0.42079394327567166,0.7850684167897388,0.3145308678677202,0.527976084973487,0.46142672910461674
417,0.7966895720548891,0.0,0.9506372752692814,0.18570312994399574,0.5053644241044597,0.2943244977452717,0.45545314985298296
418,0.34769220547699076,0.28749224261583417,0.10087471587961017,0.4124373636761202,0.8038983578815198,0.6440039261370112,0.4327331352778477
419,0.0,7.962645931630907e-5,0.35717600462300214,0.9065791629101606,0.7359694027834904,0.9068661805949979,0.48444506289516126
420,0.46391463586201026,0.43644225528981245,0.758028436009168,0.7769426992013,0.8117615850027469,0.6489181543893484,0.649334627625731
421,0.6693887989521663,0.7127996468771584,0.7857126826733083,0.8568024808932715,0.8459411790900541,0.7821316571087203,0.7754627409324465
422,0.5233900120104877,0.4361992248205882,0.30380407861913156,0.6164410422499518,0.6389167126880708,0.6630754003073225,0.5303044117825921
423,0.34602165858240597,0.25104958840230673,0.8792351297515292,0.8096876539373514,0.6051257292275615,0.3234368840349396,0.5357594406560157
424,0.0,0.5191470011718999,0.846919871261805,0.35277308287912695,0.4709287495372803,0.2796661351252703,0.41157247332923036
425,0.5132411206672174,0.14387039882121172,0.8076792806461367,0.9591069928880966,0.1670222616628662,0.5827678301345663,0.5289479808033493
426,0.7041238555791874,0.5347388961472489,0.8128005925489112,0.7843647081944793,0.7370209274029934,0.3455238040103788,0.6530954639805331
427,0.675900387188068,0.38447577026188046,0.6418156014719428,0.40761370792911067,0.5783560232370604,0.7234962495933146,0.5686096232802296
428,0.6082640215649584,0.6443696848349774,0.6332027189268165,0.7278045801292714,0.8958294346678748,0.693501169702996,0.7004952683044824
429,0.43620411322108976,0.47171783769967396,0.44755527397606504,0.7744109853852437,0.8179044208332042,0.6589856309431978,0.6011297103430792
430,0.7541512700425479,0.5392499292948221,0.03283765181499815,0.2627629381144701,0.8568655390764026,0.8957951038876499,0.5569437387051485
431,0.2660783850014029,0.7157341442793357,0.8250208129560246,0.5673107178503304,0.7670965623563448,0.47312322571760695,0.6023939746935075
432,0.8222059884078787,0.0,0.7644364003154368,0.85579061346077,0.8859501092658474,0.3482413388987131,0.6127707417247743
433,0.2913597407172229,0.5230218777043344,0.7317369122634425,0.7051312813963933,0.6770877898416456,0.7786340197457176,0.6178286036114593
434,0.259275157332266,0.498357721801494,0.6056381072994538,0.8113940151815316,0.5836365603073986,0.7031888762066653,0.5769150730214682
435,0.6588664576563045,0.0038241728680287602,0.902765915018555,0.8841467108494304,0.814416379247675,0.7372113654368639,0.6668718335128095
436,0.5209769846832132,0.562281578868202,0.8690220399824905,0.7756665991661561,0.46581057839695905,0.8787240846731186,0.6787469776283565
437,0.6164522378577798,0.7020107277486748,0.8862169911596737,0.839558339364869,0.7291973759554895,0.533834731648527,0.7178784006225022
438,0.5936285679492674,0.0,0.5770172709491671,0.5599272651030613,0.8396263096137876,0.39568795499800535,0.49431456143554814
439,0.8972451312601548,0.8539743236753349,0.0,0.6045080555278501,0.9498481643390387,0.5879585249790915,0.648922366630245
440,0.6297201796191335,0.603062993243447,0.7712347890178284,0.8722145318798811,0.8646475751504851,0.4758715265939438,0.70279193258412
441,0.5441767443627085,0.9232847324376102,0.6189219635796961,0.5595799005315102,0.8758389907325567,0.47875616503847906,0.6667597494470935
442,0.29863763642496644,0.7721898437170127,0.7825721800854563,0.0726482697388833,0.7553206904834293,0.596318651590081,0.5462812120066382
443,0.25170004922635253,0.0,0.6750085474793465,0.7332865849945709,0.7840459700918478,0.8666086843607884,0.551774972692151
444,0.2858139809031326,0.42960322428824166,0.18251746631801735,0.6821830977731964,0.7036519273299826,0.659823100565453,0.4905987995296706
445,0.8497791662163491,0.3875184815081769,0.7480070412003981,0.6519649224631832,0.5523065502262293,0.4421212562167804,0.6052829029718528
446,0.517095481421713,0.4655658005887791,0.8547754747646836,0.8442905464044693,0.4593693099947371,0.6807496164777949,0.6369743716086962
447,0.8506402419097255,0.8275495744176461,0.0,0.8836991418171957,0.6217108334933112,0.22760996559926264,0.5685349595395236
448,0.1335517241423186,0.5543786372961971,0.05050092501100608,0.7769633075774538,0.8324677723921591,0.5409830095700434,0.4814742293315297
449,0.8556998079593127,0.44674212227399246,0.7520081881353533,0.8561221536963158,0.6217678637870462,0.7687826686906722,0.7168538007571154
450,0.2738329702543844,0.5249465383971078,0.63876103698163,0.6963091966266609,0.35805575509033766,0.5814717582914457,0.5122295426069278
451,0.4281646481441767,0.6288642126635718,0.0882712707238619,0.4126177309248903,0.6195681727316256,0.39990503517627174,0.4295651783940663
452,0.42426369373610245,0.7996374678772612,0.7958780552916572,0.35477872594215754,0.7368506557135104,0.5004656557840772,0.6019790423907944
453,0.579094076002616,0.0,0.7310979115104883,0.9446893629989943,0.512303296809743,0.5607310471215992,0.5546526157405735
454,0.5718269591675884,0.8941761781058023,0.804579507582803,0.8905621747069775,0.3893474036574376,0.9224916648124568,0.7454973146721775
455,0.8263073523528767,0.4468493861981616,0.8705531215494964,0.8281543026927961,0.6154602833093067,0.8509295014029428,0.73970899125093
456,0.4528704894294677,0.7065079678022955,0.6286679397794367,0.0,0.22281684871756102,0.7524500521250391,0.46055221630896664
457,0.7656348802959102,0.3983758289897003,0.6471694457062864,0.21433914049220695,0.028275214235926376,0.4151556811650613,0.41149169848084854
458,0.0,0.5551154631051565,0.7161242869542757,0.4199043132030732,0.38098238140030977,0.7215470790532729,0.4656122539526814
459,0.0,0.770820217666188,0.7410799652498062,0.5817777583794062,3.333277778707022e-5,0.7915675355976337,0.4808798016118036
460,0.5918240382333801,0.5985900877599156,0.9133564550223846,0.9159470796210732,0.8594830913618952,0.9261392431474059,0.8008899991910092
461,0.0,0.788609479208708,0.8493215791754283,0.8650372952587174,0.9239110129697911,0.7865419107653425,0.702236879562998
462,0.534180699989788,0.08849083939053207,0.5240012434610377,0.8895505884142957,0.7626398449707514,0.9751901702655467,0.6290088977486585
463,0.38276674272016054,0.1587818064516824,0.6964862511569498,0.8301809835748287,0.6315641848996374,0.6912617961582548,0.5651736274935856
464,0.25906208122885066,0.4354505670973847,0.20392455577159965,0.4958364460015252,0.5399891055214862,0.5138902975700721,0.40802550886515304
465,0.7974976736136467,0.11008914826490361,0.8600988671603931,0.22640472914757184,0.7649371530451835,0.6564564842944439,0.5692473425876905
466,0.37110425993828716,0.442388162353659,0.6093950424409484,0.740626268225212,0.439742145745044,0.8015865213990387,0.5674737333503649
467,0.6806560714234192,0.6683893124501168,0.5377396730254298,0.7913625647196849,0.5554115482690648,0.6562951827026967,0.6483090587650687
468,0.5738675500360326,0.5722820415498187,0.8931614221798285,3.9999200016039675e-5,0.7981500067730662,0.29669744789757824,0.5223664112727234
469,0.497001891958584,0.7987941870652989,0.6655503601609469,0.8314751846102219,0.7442348204461214,0.1386514400326297,0.6126179807123004
470,0.388843325198849,0.6818762550604364,0.8544600943740296,0.7315251813065361,0.9201578666044926,0.7360336207356737,0.7188160572133362
471,0.699396808999414,0.7548607886190419,0.6331432590110228,0.829978664228902,0.9373898281713862,0.23067127784216918,0.6809067711453226
472,9.999500025008747e-5,0.5254107947919372,0.8035800230483127,0.7935638413258712,0.7315708807167474,0.5077445552312064,0.5603283483523875
473,0.5051853054793997,0.6459788652991646,0.711873920579141,0.1997521595923988,0.7291769632686537,0.8028127897931999,0.5991300006686596
474,0.7612312347994613,0.0,0.8616262303350688,0.7603044723134276,0.4349125958000289,0.21743561409287004,0.5059183578901428
475,0.0,0.6037707419647727,0.29224412870047173,0.6520791542892824,0.6141610965808638,0.6581327194298193,0.47006464016086835
476,0.5262306180087931,0.8712555918672148,0.0,0.7933813895519533,0.40206032111824264,0.5098306047463212,0.5171264208820876
477,0.36918865151773533,0.7421812538378754,0.5520632509286125,0.8806275309121039,0.48829921503413426,0.8863204484725373,0.6531133917838331
478,0.6981312018648625,0.5622600006299534,0.8283448683914044,0.7581204714902742,0.35564000367099474,0.654854813331904,0.6428918932298989
479,0.0,0.10097157354108442,0.6784840634939369,0.7616650363234184,0.3100153701295389,0.34610324871257797,0.3662065487000928
480,0.23766942895717036,0.8394440661662913,0.7323728710174218,0.6887818040804982,0.9787594755105892,0.18998152483784667,0.6111681950949696
481,0.4860557600075074,0.05360046005890649,0.3657507169062424,0.26035833416418147,0.4137575930077866,0.49164980830296695,0.34519544540793184
482,0.1438277364219338,0.4426853280252786,0.7330152911032864,0.9341631561412076,0.0,0.3420939252660095,0.43263090615961936
483,0.6681388719584324,0.5400302215707351,0.5608778991180051,0.889945223171755,0.8302668756062984,0.7043066275768078,0.6989276198336722
484,0.6439521327831597,0.39151208110232133,0.5349984450586381,0.45219089882078956,0.7729215186983208,0.4876678903451292,0.5472071611347266
485,0.0,0.4794374831255932,0.6646200278997284,0.19366453794049823,0.8939608118986769,0.6808674616620435,0.48542505375442335
486,0.5809117188178895,0.0,0.6257213693114326,0.37402551911289844,0.6377478781616882,0.7354582959925114,0.4923107968994034
487,0.4590807927607127,0.3169644072781695,0.2555548803349104,0.6644622020586869,0.7240199677590173,0.7548782495011742,0.5291600832821118
488,0.6577272155713014,0.7125063454374894,0.9434043012346861,0.5446921460508325,0.4697761219203877,0.9409485642533838,0.7115091157446801
489,0.45751350848875216,0.8081720009061033,0.8757598623063744,0.5608584771707035,0.7674718404285542,0.7323904324311229,0.7003610202886018
490,0.0,0.6560848064338719,0.8178325333814592,0.7335678644685192,0.37188409253361404,0.7049531974932803,0.5473870823851241
491,0.5041850944652475,0.0,0.649887712680502,0.3972711871056985,0.8974543052118835,0.35086849195288844,0.4666111319027033
492,0.7187424482482168,0.8436243446259093,0.0,0.5600802622638911,0.5770765641913811,0.5449466334249925,0.5407450421257317
493,0.6566040042800165,0.7180068199191268,0.2072717220755525,0.6118892552340292,0.6020239675307077,0.7284490030316534,0.5873741286785145
494,0.3615701228430724,0.6802631641990645,0.01923528370022761,0.8106229046455216,0.8747298309935352,0.7892242831695769,0.5892742649251664
495,0.37755774699536465,0.747237296616394,0.6681795180121195,0.8317682413274979,0.1838966169119863,0.5990881666408139,0.567954597750696
496,0.4607344503592229,0.6684701103490838,0.8888191107291893,0.8434328792446536,0.46270922353196015,0.5720617959774433,0.6493712616985922
497,0.46473281101924835,0.35024476631449625,0.0,0.6760168594685643,0.43551299332218824,0.7801345694469336,0.4511069999285718
498,0.7612264921301957,0.5812343216850531,0.5598625030673255,0.1857868475399324,0.8764266543478787,0.7525260974950501,0.6195104860442392
499,0.0,0.4843682479185126,0.6852390403388223,0.8017232073901557,0.7175719107613663,0.5743637174093663,0.5438776873030372
500,0.29925077806150685,0.4036569762321314,0.015608510212634007,0.7572833295886706,0.4172139117784174,0.6520644933130735,0.42417966653107236
501,0.3068138864781007,0.44504119294459416,0.6557861502298881,0.8516287105092653,0.2980929651571716,0.8071504419999115,0.5607522245531552
502,0.3466042936974036,0.9030773595252352,0.7262919075779821,0.26721759776600007,0.7459944157058899,0.6986050271261044,0.6146317668997692
503,0.06964938097306281,0.4101947682264432,0.8055867252243413,0.5841438598221386,0.8194272869323358,0.7318124621171183,0.5701357472159067
504,0.486732866536324,0.48986888943592805,0.7377299737658315,0.5752050683531276,0.6045659654592902,0.46161309314611043,0.5592859761161019
505,0.08704067532333926,0.5979124253303904,0.07822931174378514,0.3716256704113891,0.8727380081081811,0.5167256543649056,0.4207119575469984
506,0.7404292397040576,0.7809611192771622,0.7945411557719071,0.9131172502879634,0.5350262954798561,0.8766559612059953,0.7734551702878236
507,0.5201918579008667,0.9419886749014083,0.5253776110310441,0.697167520673007,0.6085487918714179,0.6357192676897812,0.6548322873445875
508,0.19566540233059498,0.26017898854687443,0.022639638566472303,0.7862759717787753,0.6895284424793262,0.6474489451823711,0.4336228981474024
509,0.5858768221933397,0.5872662077512685,0.31886623587693724,0.6739185386282399,0.39789755498627427,0.7532062363662437,0.5528385993003839
510,0.3998687219079725,0.5580995447879272,0.6761919408529977,0.3998431172971936,0.8040664904793264,0.6681936433642214,0.5843772431149399
511,0.38019056001276313,0.25693555392783646,0.7684980581250557,0.5197149873008375,0.7052468160605502,0.6836541044563906,0.552373346647239
512,0.5750456047898359,0.8282912263922394,0.7694168552214175,0.06884050328202154,0.4144796896900076,0.8689685988698043,0.5875070797075543
513,0.47475327164885717,0.7283646799997469,0.9117326557458009,0.8790300648488287,0.8779679291944112,0.5961015439204689,0.7446583575596857
514,0.4671524852099851,0.6799853947034883,0.9010841941593949,0.8468660652538497,0.6035436250544908,0.5419544071398,0.6734310285868347
515,0.6004203094497329,0.46508134165490317,0.8475056951192698,0.9231496359873341,0.6953116264797763,0.6260581805835711,0.6929211315457646
516,0.4414033874355188,0.36241914460738384,0.771181436128217,0.1772282396012923,0.4858573447720238,0.5682248899125222,0.4677190737428263
517,0.4852412949561672,0.6791209645186738,0.012698384707560956,0.5921415417604812,0.4283500335098075,0.8397864772038339,0.5062231161094207
518,0.46571188478387726,0.8049908698141136,0.7744301630861142,0.9166124944106278,0.9050853865097941,0.9447523375885443,0.8019305226988451
519,0.3817009585429225,0.42936817446353825,0.8341476744727517,0.6570451742435163,0.7052468632369844,0.5841099485747796,0.5986031322557488
520,0.3530442836710907,0.3126149144100698,0.8516014171600649,0.7733619305587724,0.5974794133507665,0.8024103837706064,0.6150853904868951
521,0.5348311456547641,0.6041535197809781,0.8775488261831877,0.9080890118233839,0.6988440102137543,0.9448684141299035,0.7613891546309953
522,0.21468285798322403,0.5595084675825441,0.23564091124508899,0.7430158670877053,0.10314250585750562,0.8316070280761743,0.44793293963870706
523,0.5316327583496875,0.5776253719637467,0.44011038241383643,0.6672932149204104,0.9112815510614362,0.6902376972122805,0.6363634959868997
524,0.6666664071357835,0.7324178201114785,0.8377145806859019,0.9300760740005508,0.751742022024564,0.6444021836857955,0.7605031812740125
525,0.86309823135371,0.5469177699812038,0.41387474913932504,0.8990318581483018,0.6016397900004276,0.6309475992900083,0.6592516663188294
526,0.38080282051376513,0.0,0.6103666839709272,0.6930503911439022,0.7577109894019018,0.5254410031813722,0.49456198136864477
527,0.48967336245186355,0.0,0.6407006498055209,0.6809733621476001,0.8455251559600563,0.5714447282728352,0.538052876439646
528,0.6132788009624118,0.6247481801852048,0.8541356639805281,0.7264657166620022,0.9628056403778085,0.40884195442770366,0.6983793260992766
529,0.49270860734851935,0.5758657719698642,0.3947021950787481,0.7665631927012362,0.9632580324994092,0.5652119933731572,0.6263849654951558
530,0.36336634088582875,0.5653611832555004,0.8753746764515765,0.7442711400443263,0.6460521267377111,0.5403666942646544,0.6224653602732663
531,0.4266815428863877,0.3316497758503119,0.823956647719036,0.8715279967952995,0.8305726009024799,0.2666409446111781,0.5918382514607822
532,0.7285402719356922,0.033792872937375616,0.6899945832475171,0.8335888855414192,0.6188804890263166,0.5651051134375811,0.5783170360209836
533,0.49961016032775873,0.5349841584698856,0.7558973536802684,0.5465795808864666,0.7235914895335587,0.8813100246220679,0.6569954612533343
534,0.46878112335212674,0.496950244384967,0.6651936405045327,0.8893672628189883,0.32458582888391674,0.43435464896343745,0.5465387914846614
535,0.378356246828282,0.35489151209195635,0.0,0.7996303512850604,0.4956227349624287,0.5143398195625694,0.4238067774550495
536,0.4015144853582877,0.6652693227435599,0.5749465225553755,0.5712344184423227,0.7940412017149816,0.869034806776438,0.6460067929318276
537,0.6473229239910832,0.0,0.7746357931872008,0.891019008156323,0.47306745306284875,0.20436748950560374,0.49840211131717654
538,0.4971494925232108,0.46898397064080555,0.4399514021238476,0.6521546250792588,0.5219672181284778,0.6641607493325753,0.5407279096380293
539,0.011365197751319186,0.7287295648186135,0.8888620504371261,0.6940482052614629,0.801957135697591,0.6135836145567148,0.6230909614204713
540,0.0,0.708532071317742,0.13681533827974862,0.5484787578994949,0.9256285686518773,0.7365758743292858,0.5093384350796915
541,0.3355996936438948,0.0805160277211823,0.47795962644993745,0.7259965905211921,0.860765123653591,0.5160716054087169,0.49948477789975243
542,0.48838114690506496,0.6767739840835186,0.4069186628998096,0.8580213419162521,0.7954378646002,0.6810863586339981,0.6511032265064739
543,0.3179245163281411,0.6000463344087442,0.1478161139265282,0.6142751043757998,0.6613124335192417,0.6331439614651965,0.4957530773372753
544,0.5698667030868972,0.45140115969772276,0.7022493897811777,0.8138907270830795,0.0,0.2928266393797736,0.4717057698381086
545,0.46397798805597984,0.9830318875374792,0.4516048533654872,0.6916780919420603,0.970011870680404,0.8075844681434592,0.7279815266208116
546,0.4538088391765025,0.5116793183312501,0.4584288375809901,0.9168094949614061,0.9699776059681438,0.6178565939226086,0.6547601149901502
547,0.6161627976782409,0.0,0.8055400590913823,0.7811876774954547,0.5147132015401992,0.5404358620506207,0.5430065996426495
548,0.0,0.6508616782069769,0.6071430701063905,0.6943822283118172,0.5949088230209132,0.7718818259861817,0.5531962709387133
549,0.3490928295325977,0.6564200199214235,0.0628372859500689,0.17573465990648524,0.3603449404757422,0.8344811506505061,0.40648514773947064
550,0.7230864334637549,0.5464900076811536,0.6506583238846049,0.48463337780147786,0.7468973664598196,0.9087478320113874,0.6767522235503663
551,0.0,0.44312057654730236,0.7442708000881147,0.7165467527855206,0.8507622980666902,0.22818525969365075,0.49714761453021317
552,0.0,0.4320624370029448,0.7539339065021484,0.9151839751920036,0.647249444755884,2.8571020414022657e-5,0.4580763890788991
553,0.4847410846910075,0.054853495016778935,0.9483886005916548,0.5183411989015382,0.7858373668526649,0.7473424637454853,0.589917368299855
554,0.0,0.745425023531396,0.7915464153478973,0.5787099006145079,0.751223030915628,0.8099742537737059,0.6128131040305226
555,0.5307691247555726,0.427016311863344,0.6386179328389193,0.8497342787619987,0.7044280167013276,0.6763828404537221,0.637824750895814
556,0.29843516321447905,0.5108089646468061,0.8139277277939198,0.8755495027833192,0.4953480575381376,0.3637980113327308,0.5596445712182322
557,0.4858446205436322,0.9197891982540078,0.7639808640894429,0.8996419942681322,0.7664820941393602,0.6337865608571341,0.7449208886919516
558,0.5855578025672165,0.5130167022232349,0.5913853991447507,0.266483960490326,0.7910110881673507,0.43735202807005263,0.5308011634438219
559,0.623972859289883,0.2093979458767514,0.8359139062098357,0.8736412092985023,0.7766964254830626,0.6130762248338477,0.6554497618319806
560,0.20124139811361852,0.29632489565199827,0.7061242695655519,0.43762702135020426,0.7256918059352045,0.397952056983674,0.4608269079333753
561,0.26529963272677143,0.09338607183159148,0.8872157953437433,0.04655236956561472,0.12897948623346994,0.5854657299155711,0.334483180936127
562,0.5757717388608142,0.8298950685172151,0.13471972597456933,0.32912563167971537,0.8747430034000334,0.48105550080457604,0.537551778206154
563,0.6772510031072767,0.2285689257349847,0.8098576301329033,0.8022731447724889,0.594470998639231,0.7304760568847047,0.6404829598785983
564,0.7808977483254524,0.5004072720717428,0.4297290705396086,0.7370343567545902,0.7485617741216934,0.582037364367837,0.629777931030154
565,0.8327741763048405,0.6402794172984975,0.33004080890529147,0.8565143945551555,0.6475584216713105,0.7466093479399522,0.6756294277791746
566,0.6048699394479221,0.02560685893123615,0.059083080502796315,0.412294438985787,0.7423264584011852,0.18636835309061917,0.33842485489325763
567,0.7004670663077357,0.58780070080393,0.07170618696531603,0.8260542076466846,0.7177804889956363,0.5869448730921714,0.5817922539685789
568,0.5376883874923012,0.639148106138418,0.6157594477577764,0.7692903732446026,0.730808555010819,0.6901891108918767,0.6638139967559656
569,0.523394545917821,0.7870270820742217,0.9198665862944782,0.7440210521345666,0.4933893274353794,0.5991041147995854,0.6778004514426753
570,0.800318848880555,0.5018505779675685,0.96620108363947,0.46779894492627144,0.8339571780380273,0.8441426637606937,0.735711549535431
571,0.200311861495051,0.8862400747904636,0.4821294514304784,0.7360507329810696,0.8678426185807725,0.9165365881288459,0.6815185545677801
572,0.18305152790546883,0.21006016616609946,0.7053733622256332,0.3945219080991074,0.8061679914101995,0.5208824030878443,0.47000955981572545
573,0.9044455274748587,0.15628789798905607,0.82957475102573,0.8136966485073053,0.9019856558143782,0.6488505739107318,0.70914017578701
574,0.3825529575437124,0.0,0.6434619946241241,0.6676140387946519,0.7772346996239095,0.7958300295375378,0.5444489533539892
575,0.0,0.5721258180382385,0.6791014524457204,0.6986455051478819,0.7392072697296087,0.6738404899321376,0.5604867558822645
576,0.0,0.3935495503268981,0.8820543551401172,0.8770087638034527,0.5767381014665929,0.21936663744612822,0.4914529013638649
577,0.653482352595402,0.8369697023289925,0.727164664861341,0.7140137017391619,0.5759291472216067,0.7846208550183433,0.7153634039608079
578,0.0,0.0,0.7759953342107324,0.4847942638321475,0.9164454717977247,0.6106085328157074,0.46464060044271865
579,0.5826256814368991,0.4891156063734031,0.7874434665216831,0.7744783478018566,0.6579655022537049,0.8012628423025052,0.682148574448342
580,0.503895966103299,0.587414843887765,0.4979699745707404,0.6812308893199118,0.7550453025040883,0.6620285195378086,0.6145975826539355
581,0.27731776716261114,0.34738853792006913,0.8247910733758318,0.0,0.5170882872180323,0.37087113638399305,0.38957613367675625
582,0.437218394654926,0.13156825331258876,0.10032615714152592,0.5859172282738911,0.6425859357016154,0.5492160358594217,0.40780533415732817
583,0.6369085559199993,0.7653136461414745,0.8121621943389181,0.9010846065441345,0.8359189681414871,0.6305325178987925,0.7636534148308011
584,0.9054059643263371,0.9053155982460012,0.8685869493452429,0.8431437873784542,0.9107940100437072,0.9221058386261196,0.8925586913276438
585,0.0,0.746941775622245,0.7469273010293397,0.8835618916136282,0.4097606012628847,0.0,0.4645319282546829
586,0.34084536933809834,0.162072042202979,0.1471181056527404,0.88827628455398,0.6157912128957088,0.8066672696020679,0.49346171404092903
587,0.38676538187870385,0.0,0.31898943535694846,0.6835828872770355,0.7994668272247833,0.5598499669382708,0.4581090831126236
588,0.7339646453035501,0.44596196355876716,0.740206851263868,0.7621694144754069,0.8985476039380673,0.8099365183961442,0.7317978328226339
589,0.5820020184153055,0.5350768570514383,0.6437703926768157,0.6035620324919372,0.42272507822895616,0.7823584343045015,0.5949158021948256
590,0.4921176691331553,0.5056211291522603,0.8988013284089373,0.8281467645593472,0.3826024551416704,0.6422685792306354,0.6249263209376678
591,0.4589198757712457,0.8321673787165359,0.5961392612947071,0.863780883303058,0.4943861512107797,0.5892746429001847,0.6391113655327519
592,0.589568584540657,0.0,0.8471686904497475,0.43690116885939184,0.4998768437566602,0.4511018167724445,0.4707695173964835
593,0.5023827716412134,0.5203804867970228,0.7970778760298726,0.7970441098565348,0.870969990504174,0.5432811097127244,0.6718560574235902
594,0.38312866471862445,0.228642983802884,0.8049256621264216,0.36879654758987557,0.49981663253872444,0.8419386970738485,0.5212081979750631
595,0.0,0.2813068643759195,0.2922117378324676,0.8055878857734514,0.8489729069682701,0.9013440176859691,0.5215705687726796
596,0.7509555465927312,0.6604034050559655,0.8614333397948605,0.7059652445928117,0.7350466162989756,0.9238448796410272,0.7729415053293952
597,9.999500025008747e-5,0.9045550741042853,0.6560077051790089,0.4351143601278769,0.3762374948419189,0.9550868898771806,0.5545169198550867
598,0.5226148123831657,0.42867269903880034,0.8096846772871429,0.8504194472847925,0.8620044707224801,0.7010768917219882,0.6957454997397283
599,0.595703143902807,0.4181941671571178,0.3668596785404501,0.9498100898462474,0.7907268989145924,0.5275530753943822,0.6081411756259327
600,0.7537297910872236,0.7360173270068006,0.9380470073886087,0.828520578585015,0.9932606912553942,0.5250942591904743,0.7957782757522528
601,0.36413261902744354,0.21592864612507517,0.0,0.7175847838800676,0.38100095568564685,0.439233388919566,0.35298006560629985
602,0.0,0.7653360315760205,0.6350220858606889,0.7348749983353302,0.8272425289511102,0.8452593852135059,0.6346225049894426
603,0.6545251054634009,0.13445378950762876,0.8966722700544839,0.6727763909786894,0.5211950895344184,0.48481120130565786,0.5607389744740465
604,0.49485342971619345,0.3724067843447112,0.780549463135601,0.0,0.7141094635158353,0.6770547770434978,0.5064956529593064
605,0.6863925472408253,6.666444451858273e-5,0.24808419466162662,0.9588779821055807,0.5539007370025876,0.5285967261334796,0.49598647526476974
606,0.57249460005081,0.6518341258209717,0.4087576360898354,0.8394639126677024,0.7286100455226906,0.8223161207195415,0.6705794068119252
607,0.48916381725764974,0.5565389960337627,0.865227112671167,0.5283197134713449,0.9498537927746722,0.8755066280572684,0.710768343377644
608,0.38663592523710055,0.609817846163338,0.4785266002609474,0.7459189053941888,0.7738788967173141,0.7451193085054201,0.6233162470463849
609,0.5752782983296603,0.7636335063826328,0.6472317033129099,0.5495076355968015,0.8184345685302985,0.3543727205532727,0.6180764054509292
610,9.999500025008747e-5,0.4736149744975742,0.7376759009940581,0.7649819545832596,0.6139671960783702,0.7889611514950867,0.5632168621080998
611,0.48223920903167733,0.5215758302733454,0.28348979828198406,0.9221964099733315,0.4384515460633325,0.49603069787321713,0.5239972485828146
612,0.6710082582277275,0.7086354477273656,0.18596749969119003,0.7239111780332036,0.6975375377610739,0.6292418566869141,0.6027169630212458
613,0.611314365492836,0.6526609883345941,0.8754885096990662,0.6603820707524921,0.6078599473308413,0.8724953504913986,0.7133668720168713
614,0.4662150982471416,0.637674149194951,0.9285483975300615,0.8632728944756572,0.6744537672987073,0.6466714155401821,0.7028059537144502
615,0.0,0.45094895477710845,0.963280676912435,0.7951165401239583,0.9172379725801114,0.5558655782376601,0.6137416204385455
616,0.17743410458856584,0.6130349934538439,0.5886222120839077,0.17740088651871622,0.886226946530595,0.8024940128885563,0.5408688593440308
617,0.43277545553607766,0.11622879232697692,0.7333043637827753,0.537290301929325,0.8516677621413338,0.6413557061468838,0.5521037303105621
618,0.0,0.518871001621615,0.47261267347702024,0.5070458224400308,0.2720708494337046,0.23782539648886336,0.33473762391020573
619,0.47955715407418514,0.0,0.828878247748933,0.6687640513007983,0.27073870664660504,0.6170674420467677,0.4775009336362148
620,0.5410108453377294,0.41664565962804745,0.6042623608658408,0.6584005331207111,0.5653516764281408,0.6779538361943669,0.5772708185958061
621,0.0,6.666444451858273e-5,0.6834081460123284,0.35193336107650375,0.6481973149710102,0.6074568440631192,0.3818437217612467
622,0.5155098273404259,0.07379294460589166,0.706968766068836,0.7954779387023306,0.8699829489527469,0.4008118287926854,0.560424042410486
623,0.34996210757848506,0.26677562515138076,0.9030498080024546,0.9122689813868198,0.7259653081215568,0.6874203803309894,0.640907035095281
624,0.48255339854863855,0.4591164440761333,0.6656228506761325,0.7989385924151728,0.619816003415899,0.3254565831705428,0.5585839787170865
625,0.0,0.5506105776396921,0.7177584723235556,0.5353914322482293,0.6650040340522535,0.3099969517413412,0.46312691133417866
626,0.018464135002530684,0.5673108652446299,0.33973562410027874,0.9283830378128282,0.7360396506220316,0.5794798694858615,0.5282355303780267
627,0.30160464789944086,0.21542137843690493,0.5699053463594106,0.028647206943687296,0.8775852612228041,0.49819541426138336,0.4152265425206052
628,0.8456528753957911,0.6667672217774382,0.6964084174810249,0.836078035403206,0.5079193151115613,0.6200892708974788,0.6954858560110834
629,0.4422233518100216,0.39520400592041527,0.7638639602604034,0.8541338108954531,0.700477135032593,0.6615410009225108,0.6362405441402328
630,0.0,0.7112242864542735,0.8819141365414263,0.8417853529124688,0.6107690235915961,0.46982664760391973,0.585919907850614
631,0.6265612626757083,0.4094000434467793,0.5515308070361579,0.5923354226366858,0.20541534213758397,0.4344239546697216,0.46994447210043955
632,0.0,0.507584781045507,0.4402629272848532,0.8085794985958143,0.6474169746670733,0.3039002901779755,0.4512907452952039
633,0.6972941611313277,0.5895646513959164,0.7678452644921846,0.744847286946239,0.5367397722801729,0.8027069945576567,0.6898330218005828
634,0.6235653403895147,0.5267802559685624,0.0,0.08918227180460953,0.617062111008002,0.6429032536335791,0.41658220546737795
635,0.55287197687504,0.6195007646532168,0.8011999228291045,0.3148579897170394,0.45223282932631303,0.9423068496160381,0.6138283888361253
636,0.0,0.38751441038698764,0.3536845490787065,0.5738338427167929,0.9005653172187976,0.9098219904791578,0.5209033516467404
637,0.09166833623581597,0.8249748220564401,4.999875003129923e-5,3.9999200016039675e-5,0.8323982482349822,0.4998064553867137,0.3748229766439999
638,0.0,0.45771590761265624,0.7886878539154162,0.0,0.421685091980891,0.5941275961525628,0.3770360749435877
639,0.600656961594497,0.10874601976438868,0.7477456436118837,0.6442274560439729,0.7402272026955496,0.2611268423730309,0.5171216876805539
640,0.33567540713093036,0.11792122468653014,0.47346936315412724,0.8612373081160498,0.9094261854515147,0.46822399859242136,0.5276589145219289
641,0.4823633305414275,0.6398201169871147,0.9091854415027237,0.44851690148655465,0.8579639259872784,0.6690667145341453,0.6678194051732075
642,0.05625774469530334,0.3704508429172961,0.5633513059382617,0.7504123992320952,0.18531740125836588,0.869133802583842,0.46582058277086064
643,0.5883792941744477,0.9443059222580066,0.7499978239584737,0.7806974394416026,0.5935504487988514,0.48339269466135004,0.6900539372154553
644,0.7185796906558352,0.6334719256644373,0.6461108214768456,0.6493545889570403,0.752372319824492,0.6015340577996625,0.6669039007297188
645,0.0,0.42018138451384696,0.21527141103625833,0.9007615009706728,0.7655641564880248,0.5465307241544058,0.47471819619386807
646,0.0,0.48739883621818053,0.15428456282766026,0.8970810353228497,0.8183837833139889,0.6699932143868809,0.5045235720115934
647,0.7915959816327747,0.25795289630447266,0.6185837554692682,0.6196537280661865,0.43167389098569947,0.517464861708822,0.5394875190278706
648,0.3927743022738936,0.595704269664156,0.7646603784010201,0.3303100912537261,0.5563529451647571,0.6283442575600678,0.5446910407196034
649,0.49268357713551186,0.0,0.7114261107281656,0.8474506148147385,0.8340636545550862,0.49441374858744375,0.5633396176368243
650,0.07626413271787302,0.7275080448694229,0.6871540342194928,0.6214874155319586,0.20919149089944342,0.6488024529758019,0.4950679285356654
651,0.00012221475354419467,0.586674509715618,0.0,0.27331358282801055,0.49169387340528836,0.6735815924953945,0.3375642955329759
652,0.8290375585682784,0.7046334743179006,0.07074551594484291,0.7428531547951279,0.38891003207244584,0.523332760396921,0.5432520826825861
653,0.18517377195456,0.7293952335156911,0.8088481260021877,0.6396761210459261,0.20336194181333236,0.9767221283221827,0.5905295537756466
654,0.14998303098861884,0.5478104388523702,0.0,0.34289999229372836,0.5828469176808905,0.5831001969894273,0.3677734294675059
655,0.5727716420726732,0.6934501547112691,0.732268844398242,0.680989807802493,0.9370424019732227,0.7932139618082474,0.7349561354610245
656,0.44687629970072135,0.7250335281353357,0.7440177146354966,0.7464100657614133,0.9299768622277814,0.4258882434826873,0.669700452323906
657,0.3241362859433516,0.5676496537512146,0.791667638119263,0.38776662549778895,0.6534273970958405,0.8405573264507458,0.5942008211430342
658,0.0,0.9271985748941818,0.3198660906258989,0.8984273738558698,0.48603578938021474,0.820186611635385,0.5752857400652583
659,0.09949528033987232,0.08144720333921777,0.7804275311724426,0.3691890953134413,0.7391930106439738,0.386362318413465,0.40935240653706884
660,0.7938906099656414,0.46882618809106597,0.22654920778190915,0.8726092876445892,0.16620323137921106,0.5904431356661682,0.5197536100880975
661,0.20907281979680808,0.00990010156809609,0.7796855041265052,0.7526477786386905,0.8389884771342779,0.7784075854121908,0.5614503777794281
662,0.4706973223637966,0.7554026043893286,0.0,0.055212901807371394,0.8022554798700129,0.5530823896730649,0.4394417830172624
663,0.0,0.44888673261400697,0.9520798546135807,0.9683011685960373,0.16818381435556928,0.2704800627591276,0.46798860548972027
664,0.28723708323344693,0.5387558876778273,0.8797922733796613,0.6951270279475565,0.8174217738188406,0.8156563149843338,0.6723317268402776
665,0.2833119559763764,0.8030476698016508,0.8680923233713723,0.7540536849175992,0.40820485934368295,0.5892236629482666,0.6176556927264913
666,0.6792204499222934,0.5292097221473321,0.018427367854810237,0.8033902327485848,0.0,0.5872829080429119,0.4362551134526554
667,0.4260018682701786,0.39238480672882503,0.8442040004478926,0.869375711920884,0.7943183531022748,0.5318085248033992,0.6430155442122424
668,0.5554712117298224,0.6284812944650351,0.9423415119552014,0.6948361454820138,0.33022302075086457,0.5301704138507821,0.6135872663722866
669,0.5395666266255794,0.224267120271491,0.0,0.582966172800243,0.9409223483209942,0.4801169081397341,0.46130652935967364
670,0.0,0.4023315182821031,0.3858264062516328,0.5306260761802618,0.7668655323656419,0.6886263643922178,0.4623793162453096
671,0.5064088471188397,0.6681732066520549,0.7633289801423093,0.4699218206099451,0.2927641391672663,0.9054828263674141,0.6010133033429715
672,0.0,0.6327179981978536,0.48338218454957205,0.6600819970808262,0.7602475439976546,0.46461328821302117,0.5001738353398212
673,0.33050910658671756,0.7282698233612567,0.9144067687681111,0.465315198881879,0.8241686732177554,0.5266669326024427,0.6315560839030271
674,0.0,0.6639405328866556,0.777157618274592,0.7788280341816157,0.6414786295069832,0.9250141163772888,0.6310698218711892
675,0.00012221475354419467,0.7247169876671803,0.0,0.4477735270164343,0.33952047512029015,0.5793924956853287,0.3485876167071296
676,0.5258974450181965,0.9405473980337085,0.8253149729957264,0.41958976562901573,0.7538867680221163,0.4393591570212394,0.650765917786667
677,0.6788738119052166,0.7046970312348879,0.6319691589942225,0.6203317318719538,0.42278874486708995,0.8118248757090677,0.6450808924304064
678,0.6481095985130466,0.7866176108360357,0.4877675402174069,0.6183343792580921,0.622054660969694,0.5732767036308362,0.6226934155708519
679,0.617732002032533,0.7213041120400007,0.6098724900573005,0.5114729098293879,0.5571328407209809,0.7711519757151534,0.6314443883992261
680,0.5485638906207861,0.6949170230980295,0.0,0.3216290900382737,0.6960623070118146,0.7282114373294233,0.49823062468305457
681,0.0,0.6123616365685409,0.6913429961791067,0.6837813523522863,0.22275147430693196,0.647760289892113,0.4763329582164965
682,0.4272411435929268,0.42750505430638736,0.6349218448244,0.509829171278973,0.21306488333658893,0.8573331188956412,0.5116492027058195
683,0.21823051906778798,0.5442407673835418,0.4379761339416676,0.5822474442616872,0.43991109968994574,0.7548080458706165,0.49623566836920774
684,0.0,0.03330190017342704,0.6833177487798423,0.6436578008464148,0.778876131344452,0.366046237827995,0.41753330316202186
685,0.4884169236902874,0.9732322906674579,0.9641687824212066,0.8824891128636053,0.7739534126511042,0.6893298805665612,0.7952650671433704
686,0.20239004263612,0.7335823472891918,0.0,0.5773962791485087,0.6391997507980042,0.5166128052521414,0.44486353752066105
687,0.3595691848047204,0.7874338126506062,0.7914862631352675,0.08751517869104466,0.6046765424678614,0.6053467045185414,0.5393379477113402
688,0.321610853923098,0.6748675960578856,0.4393523977085592,0.7136008005654885,0.7919838260203511,0.7008618005693368,0.6070462124741199
689,0.49686292543050864,0.6804002132769088,0.7335488524675756,0.7694233240850215,0.2618803509626907,0.8842483030520476,0.6377273282124588
690,0.0,0.39749051451845396,0.5967613748174462,0.7458895126741929,0.5315017656153459,0.2907677805157474,0.42706849135686437
691,0.5558150390683424,7.67491914195166e-5,5.756244579853386e-5,0.6052924869039172,0.3079609436399687,0.74194731057364,0.36852501530384774
692,0.8455416036090431,0.5182278028626506,0.910206945155873,0.6058857512886487,0.9121925042586282,0.8601082253993261,0.7753604720956949
693,0.4930613542715661,0.16656369922225836,0.7578080839499622,0.3502041399183927,0.5236106193539058,0.8062744576635996,0.5162537257299475
694,0.0,0.920171376700719,0.7986410057395281,0.7919903918579118,0.7224730641170993,0.8833593161545253,0.6861058590949639
695,0.5665746098696742,0.5591528554188316,0.40178606653787197,0.6891332749131346,0.7719113075183284,0.7773996237185469,0.6276596229960646
696,9.999500025008747e-5,0.46712666890749116,0.8175903548353652,0.679920980114848,0.6154598505768686,0.6627919292796204,0.5404982964524072
697,0.0,0.4660803656100012,0.6542084399065998,0.48837745605706584,0.8019910978662192,0.4367613454892163,0.47456978415485035
698,0.48876230194041487,0.5720873358133399,0.2992281866269836,0.8564312048863024,0.6626466987901197,0.25654966167111465,0.5226175649547125
699,0.2086255757960571,0.5217090219494528,0.7140357605215425,0.654622046073041,0.8305458882851605,0.67169278060828,0.6002051788722557
700,0.16048129673892061,0.03961582365838936,0.7424621531104125,0.7011018523392705,0.7332817107824331,0.3939419264988407,0.4618141271880445
701,0.5859607358277057,0.47654119996149236,0.8277332546213508,0.0,0.4324534136083867,0.5213787023683268,0.4740112177312104
702,0.5492536515114002,0.6644659810404947,0.7586756667292692,0.5122817611148817,0.8675528665386179,0.7608317968824095,0.6855102873028455
703,0.45062181495291664,0.07088132111255728,0.519127222692081,0.923821763023678,0.8770882636207149,0.5552009852073024,0.5661235617682084
704,0.38714788060515687,0.610721020505782,0.3326908925028374,0.9422982247359379,0.966380834739935,0.8651374272477754,0.6840627133895708
705,0.5917317695011927,0.0,0.7457740904442873,0.9100693164859751,0.02848709028042769,0.612326284691653,0.4813980919005893
706,0.4289768772861838,0.24686578088078945,0.8148812828698846,0.5574737232740182,0.3640052794568386,0.5296325116264705,0.4903059092323642
707,0.3971121231712336,6.666444451858273e-5,0.5914216035184978,0.811300128923651,0.4514540938447007,0.5033445787414952,0.45911653210734943
708,0.0,0.626868902511267,0.6179741645187578,0.7251476952190833,0.9460683439911336,0.782169428322146,0.6163714224270646
709,0.32953152011878006,0.5575498264830072,0.47565402937121637,0.3297588055656648,0.8907020824319379,0.8704395649787259,0.5756059714915553
710,0.0,0.6403326978888683,0.6338920201891417,0.6733663813129208,0.6690550481138503,0.23264112579701818,0.47488121221696655
711,0.3000982667637937,0.8409238046548269,0.5194296372417917,0.7149552519281708,0.808226446098381,0.5566726240095545,0.6233843384494197
712,0.13394663178474112,0.42068534492788423,0.6442741257378715,0.8380785000657768,0.6876471437435218,0.45237614198862386,0.5295013147080699
713,0.7887384785417135,0.0,0.729381723014956,0.805013162943452,0.7172997770758428,0.7842687429608163,0.6374503140894635
714,0.37122559471570393,0.5692424922844634,0.8706147400591968,0.621955848606611,0.6696974548071855,0.796939846426268,0.6499459961499049
715,9.999500025008747e-5,0.21678433454356164,0.760184684910233,0.8877196005203123,3.333277778707022e-5,0.8050796930210218,0.4449836067955277
716,0.5070185533025918,0.8402501754767031,0.6420084201233627,0.7299664845911628,0.9588765690872891,0.42322089901867116,0.6835568502666299
717,0.6714810384335533,0.5721554416382876,0.7032171585375466,0.6786812178711092,0.8755846538923819,0.7722105721504908,0.7122216804205616
718,0.5372442655229529,0.48093205902131014,0.2526722092785822,0.9557004907719608,0.6837259469627319,0.6108742281717017,0.5868581999548733
719,0.24392881686532772,0.7066880204139999,0.8234311705642218,0.6291143233228277,0.8091582703165334,0.8568181134555345,0.6781897858230742
720,0.0,0.6563836029833866,0.31127094627297114,0.9126007880311352,0.843427248469654,0.6906508187454581,0.5690555674171008
721,0.0,0.6316089159246072,0.6937556748985975,0.6768421599890153,0.1835714770211025,0.7051912558111698,0.48182824727408197
722,0.0,0.42467668398434166,0.6976366597558804,0.0,0.541796194048285,0.6952099580389223,0.39321991597123823
723,0.42196287051290327,0.1758411615396531,0.8425505828345382,0.7495208046049424,0.801733308053037,0.6849101222879536,0.612753141638838
724,0.7774688404091193,0.0,0.0,0.6049758385748683,0.4795571564629637,0.3815575784751148,0.37392656898701104
725,0.48713912410905574,0.887934418072319,0.5802282305114943,0.8067711955751535,0.6916791543850328,0.5863579331698658,0.673351675970487
726,0.0,0.7091450259377446,0.5941361494529688,0.7504415634247035,0.46004065954419504,0.5947036154286213,0.5180778356313722
727,0.6554993618451058,0.969988144291249,0.6956384141350839,0.6543268387614221,0.880335167722603,0.5747953332918829,0.7384305433412243
728,0.47915492788166236,0.3088628373411637,0.967837686672757,0.8031689717587395,0.788383016807493,0.8534926539189273,0.7001500157301238
729,0.0,0.0,0.2373225490164145,0.656014575672426,0.5855284707505395,0.853946249057528,0.38880197408281797
730,0.7242035540142715,0.013953926040381268,0.8851443469636503,0.8872529851626351,0.4751847069439743,0.4152675854876314,0.566834517435424
731,0.5571824615704227,0.8300709734540787,0.5996621756094265,0.5381413381551545,0.7030098367783312,0.39253725744623297,0.6034340071689411
732,0.43780284655940527,0.5591670782608595,0.45089071409776993,0.5404097848083674,0.8235927441729823,0.3620260129054023,0.5289815301341312
733,0.45742261160161096,0.6220322934511372,0.6536962841664772,0.7480580884090794,0.40000195645396536,0.31870471769969305,0.5333193252969939
734,0.949556130509965,0.5240961154286614,0.6524545670287657,0.8696048426027364,0.8508370772431008,0.6156458022133484,0.7436990891710963
735,0.6194345997246148,0.7501954095338432,0.8692585186632411,0.7836482377541566,0.4203402508054355,0.7219942734608047,0.6941452149903493
736,0.43552258022005,0.4817758126669133,0.7303400614465702,0.47420289633329843,0.7822576844110256,0.5135517421857494,0.5696084628772679
737,0.0,0.4597003116056885,0.7863687640905074,0.8457206801456412,0.7362857330652417,0.905815345668169,0.6223151390958747
738,0.0,0.7044969396923344,0.6913399719409798,0.453922911752696,0.5480109441036812,0.934406716361515,0.5553629139752011
739,0.528414389533632,0.7969440202641788,0.6868006975965947,0.8485313700665946,0.8468040652928581,0.9084425466166326,0.7693228482284152
740,0.6521500451536063,0.5364842303773676,0.48188460812755124,0.4196127992548981,0.6079641666912544,0.595355603185524,0.5489085754650337
741,0.13089126124502695,0.36219349895916564,0.28952755345964193,0.6393741562269728,0.8377635157063286,0.33756770726191626,0.4328862821431753
742,0.43747626089321784,0.0,0.694615053108136,0.39072299109825764,0.6099429497610602,0.6632121292848688,0.4659948973575901
743,0.0,0.8720357420774626,0.6777122140783173,0.12436024947711541,0.9121193531773942,0.5744920167614438,0.5267865959286223
744,0.05977358770615705,0.6161037290246169,0.504930162736905,0.5151131022221058,0.739770760629149,0.7833478505458757,0.536506532144135
745,0.5657866486873273,0.6858677529463911,0.7432691759957233,0.6396325997735899,0.6248115943585957,0.6856806216135274,0.6575080655625257
746,0.8147376450537631,0.38636869861407025,0.8171823521472893,0.6429065911991182,0.7600414872410627,0.592940645271369,0.6690295699211121
747,0.0,0.22339703065220923,0.34146288162603156,0.707791944337113,0.6886356116953207,0.8190727488817893,0.4633933695320773
748,0.2816308212714174,0.7433019871158717,0.5035886434725981,0.8379805775936803,0.4662204114794746,0.6768904760744938,0.5849354861679227
749,0.038233961252677744,0.543082813367705,0.6107188732216484,0.7068828873296644,0.6216379931549123,0.8794372734987691,0.566665633637563
750,0.333548970033051,0.0,0.9424703851900003,0.3487801880924362,0.7880256092515537,0.5986847220771476,0.5019183124406981
751,0.05216574111599811,0.4033674608928462,0.17770818873891303,0.764818533566852,0.5337307531717524,0.5289983935659299,0.41013151184204855
752,0.1756237027048331,0.29573014312930024,0.7703285478234267,0.036270786209880126,0.567207375137842,0.588212410258855,0.40556216087735614
753,0.2394974785251725,0.49330843614636466,0.3350336278475023,0.7125733079704732,0.8089260325850955,0.6203622171763133,0.5349501833751537
754,0.6522391889066697,0.5436306904925725,0.8603906904264991,0.7760217286915894,0.6287326380771825,0.6314065297652468,0.6820702443932932
755,0.5003820609792609,0.7185961500473591,0.7321253786094957,0.6875004320946616,0.43833562263529835,0.7178810626234594,0.6324701178315891
756,0.3708937460552573,0.6766403205808873,0.6138893789608932,0.6819270687956076,0.6286283203744204,0.7647824364125899,0.6227935451966092
757,0.39892775781333417,0.8388029118064009,0.8719824542500217,0.9075118430335667,0.8906160983520891,0.876903500469433,0.7974574276208076
758,0.3874654622420361,0.7008172697758198,0.8114595292127534,0.5397147825185298,0.4031455128495237,0.8784110898554895,0.6201689410756921
759,0.24098375689167129,0.8559002901188227,0.948346757608688,0.8513632533152695,0.9267984662377731,0.5491368530891835,0.7287548962102347
760,0.33966018573363266,0.36604674064457793,0.7452857247349203,0.5408405026416253,0.3515655323565473,0.8191408008838631,0.5270899144991944
761,0.4744708744730699,0.7569379599334555,0.7516568222135166,0.7920080058391266,0.9086103020063786,0.6510847182672542,0.7224614471221336
762,0.29902509571340635,0.712675790743178,0.5793847463872606,0.3884698727023382,0.7923300869840553,0.9012910332028182,0.6121961042888427
763,0.28829127609690425,0.7277383270274758,0.9082907544848837,0.9576765823487838,0.4650662703159267,0.648568295845034,0.665938584353168
764,0.7066853833446115,0.5418112325162654,0.9127298870390073,0.6584404744882506,0.7134668960213911,0.5743206896597632,0.6845757605115482
765,0.3812939235768163,0.5992000697455679,0.7765140804989047,0.2675853818751351,0.20644099754514425,0.6137247419231051,0.4741265325274456
766,0.5668887244037176,0.6872079060859789,0.9825839145795389,0.7830197904869078,0.9040008419488804,0.8285229186974015,0.7920373493670708
767,0.5312495348278503,0.4916936845007035,0.6761459010823809,0.9100600489164039,0.44348347705622865,0.4675111935521951,0.5866906399892937
768,0.3296457819092941,0.08871770762468742,0.9201817060725643,0.8359151978016528,0.6987046960952686,0.09198396143809343,0.49419150849026017
769,0.20049418055826937,0.5166202210331552,0.1620781026468424,0.6103039861574436,0.528734769488136,0.5508530317295871,0.4281807152689056
770,0.5583395074593773,0.45631809485943703,0.8354507586211117,0.7691257629515301,0.8417153173196966,0.688176356615316,0.6915209663044114
771,0.20890297025631868,0.03642157318966396,0.2791083136171358,0.9170941227871441,0.6991745681713695,0.734121846950873,0.4791372324954175
772,0.0,0.4685874331664474,0.8697213137440405,0.5811976693199099,0.825904885894695,0.6859320904820011,0.5718905654345157
773,0.649460587905127,0.7276339377078599,0.4844137694318548,0.7436670322950262,0.7215095927832432,0.09054012998720276,0.569537508351719
774,0.1383761774062101,0.6101371276455613,0.33991026834961996,0.9557102158611204,0.659516588110803,0.45879327530298336,0.5270739421127164
775,0.8236954232887178,0.5969534738172467,0.9572962967434118,0.7490265713796099,0.7282776391158616,0.21532402270837858,0.6784289045088711
776,0.0,0.5739683195623957,0.6381297478154554,0.35434492875844253,0.4395310093176092,0.43345453018944535,0.40657142260722473
777,0.3937950288113707,0.699343095476242,0.3827804903866286,0.8473433047513761,0.6507124068047998,0.5210192543002458,0.5824989300884438
778,0.5987129359136965,0.5476541380808883,0.31201542463579107,0.7930501474690846,0.8912230667680163,0.963734541260504,0.6843983756879967
779,0.4562690874609851,0.8452865331986316,0.8333641283184187,0.8331266772424365,0.8660767028379316,0.5384612880083072,0.7287640695111183
780,0.8727563053462954,0.5803421560473472,0.9386838091199804,0.7452754987197562,0.5999505616143624,0.7408621948924219,0.7463117542900273
781,0.43835799618119153,0.19462058125183032,0.06380493242588613,0.10631581944691501,0.6940941814955197,0.6344923543377397,0.3552809775231804
782,0.0,0.47258898596755283,0.7218705105904367,0.6234940013616176,0.6010155773551549,0.7916029721475566,0.535095341237053
783,0.11629525099053784,0.5370485791003352,0.8547174027208989,0.6625238823074473,0.8804747582180603,0.26402594091071907,0.5525143023746665
784,0.8541761950264363,0.569486146706827,0.874330956513424,0.868315281400808,0.8408381068536732,0.8731583754369339,0.8133841769896838
785,0.41181346578039246,0.7050084766984379,0.5908611005089554,0.7818306843550396,0.9359566730877248,0.8500126548990665,0.7125805092216027
786,0.0,0.42961075033672297,0.7964474919819006,0.5814407803787874,0.4931630783069687,0.8825458609116594,0.5305346603193399
787,0.6311308981204173,0.8058673322490233,0.0,0.6370968746895834,0.9141708348100593,0.4344706303298018,0.5704560950331475
788,0.24335607918384786,0.05773493844721666,0.08507592788284576,0.525089175352665,0.7064926525135007,0.44519256212357106,0.3438235559172745
789,0.4643468266926028,0.6618224505446351,0.6492429002065042,0.7426361450735801,0.9670721152914993,0.7131100809893945,0.6997050864663694
790,0.38623643997108825,0.8035735313898172,0.3472316188050116,0.3307615609885559,0.08918691633171598,0.8921790357903374,0.4748615172127544
791,0.41900715453367826,0.826421591708574,0.15460200838341964,0.8342299247137964,0.7180045513836232,0.8396076724824117,0.6319788172009172
792,0.6904988679464755,0.5923887390980204,0.57964504188156,0.8748603912932793,0.7551676883462617,0.6759690779374488,0.6947549677505077
793,0.3765287076331953,0.4845481731985771,0.5576800957477421,0.30021218701324104,0.3427421545170868,0.8733807684815448,0.48918201443189785
794,0.0,0.0,0.7409068643972111,0.6873704098778692,0.35810175829362156,0.68198469021425,0.4113939537971587
795,0.458336306125206,0.0,0.730963225150184,0.4257836002208692,0.5729252801501215,0.43467889344696564,0.4371145508488911
796,0.6756729437617606,0.9152958538891034,0.5751096463994168,0.8469691881139557,0.869926468821572,0.33893316934961604,0.7036512117225707
797,0.32091996159344993,0.5934748374698741,0.8033881498359963,0.8020879593764522,0.9571358629180017,0.8281544772643179,0.7175268747430152
798,0.0,0.70007815263887,0.6599634462740928,0.8692866261171002,0.4449907493103751,0.7322904468034538,0.5677682368573153
799,0.44118382492314684,0.06219976801041313,0.7437442961194662,0.719541683419814,0.48693841212334565,0.6251764871244352,0.5131307452867702
800,0.7778718515304638,0.4573098792656896,0.7615448428298629,0.7995904808387286,0.07891188023714807,0.44604208552800045,0.5535451700383156
801,0.5525551852208519,0.6493227275331284,0.5872145156913943,0.9190376508584687,0.9579893760872678,0.5354713197093924,0.7002651291834172
802,0.4365752759413344,0.9274363419662208,0.5100486401345037,0.9087067480192657,0.792285923112077,0.3721006806692927,0.6578589349737823
803,0.32738858927908127,0.7989999589589283,0.3428540678644118,0.3705559538508295,0.6504417792960583,0.5876355201762579,0.5129793115709278
804,0.3254466698319585,0.6878169542408227,0.5950503911755258,0.7005061214483149,0.11155953483469104,0.49142442206463544,0.4853006822659914
805,0.0,0.0,0.7672742446279113,0.5323982211736858,0.4139997866656818,0.6686321056599356,0.39705072635453575
806,0.3739808068101067,0.6461247219102774,0.7046904542902578,0.7404016868874113,0.5489551262485393,0.8950720343589473,0.6515374717509234
807,0.2060777299153557,0.249342723900012,0.7333414100807305,3.9999200016039675e-5,3.333277778707022e-5,0.7033051672026766,0.3153567271794296
808,0.0,0.6857479584765567,0.8532788607971188,0.446240478738586,0.7232028165020177,0.46593109319030057,0.5290668679507633
809,0.7488267915570187,0.370311998292616,0.1443252274121319,0.8130084449538101,0.5637604491202101,0.680860966508104,0.5535156463073152
810,0.0,0.7180574978830976,0.4103545018589981,0.0,0.824524965978945,0.6169565572922984,0.4283155871688898
811,0.5491031089139753,0.5041435215237169,0.4830326176015382,0.6709469438957231,0.6943233743923192,0.7449413735442383,0.6077484899785852
812,0.4025508168578733,0.0,0.16339615872205696,0.5718261871277076,0.8188858695818603,0.845328234572453,0.46699787781032515
813,0.5123417226946078,0.3115376432016637,0.8979250700487561,0.9409282517816999,0.9000431531941255,0.2738846141816545,0.6394434091837513
814,0.27643912741481214,0.6872057220693466,0.6630561531274688,0.8868023732121406,0.7164403567325851,0.23679044180460712,0.57778902906016
815,0.43696560795146305,0.0,0.9145372490953511,0.6858684226495618,0.6073731456748789,0.40186992467481975,0.5077690583410125
816,0.40071589941479985,0.44556459650662716,0.8267966536805935,0.848442066515824,0.40277046969559843,0.25898342252009743,0.53054551805559
817,0.6695261369954123,0.7925464572315615,0.9202338543548148,0.8913728180414591,0.5672010477105274,0.6024565882910871,0.740556150437477
818,0.41166622273277753,0.9006680509013854,0.584221549145856,0.7126854743319422,0.23775791770391466,0.9104972643352233,0.6262494131918498
819,0.7300898515058274,0.700778947532784,0.7572866911643071,0.42315543660643395,0.7780906599765757,0.5552039895208765,0.6574342627178008
820,0.6526498759122173,0.8385326339788873,0.8659403898536435,0.9036844946386187,0.8358212398808401,0.6906916430584491,0.7978867128871094
821,0.8369467781868334,0.25907700788810295,0.8967153194813994,0.8776945093510009,0.6334553696373042,0.4058890030852437,0.6516296646049808
822,0.785771031160362,0.6690426280906414,0.886315681540945,0.8229062633901182,0.8334277282516992,0.6050272696954999,0.7670817670215442
823,0.0,0.5838554579839338,0.806703337261383,0.5323065115642415,0.5131771120936225,0.9771423766143692,0.5688641325862583
824,0.0,0.43706875340804646,0.1624659197023613,0.9324322194228113,0.9658127794396878,0.6236246362766932,0.5202340513749334
825,0.8278662697445465,0.13847859310787294,0.7658575797298909,0.8905783691578769,0.7906100993001463,0.7452620122343763,0.693108820545785
826,0.6554972337079371,0.7156146450924559,0.9384998645878401,0.2510724109471516,0.8021133826225905,0.6001193320973072,0.6604861448425471
827,0.5892261857043228,0.4790558555883543,0.7782354585119355,0.24050729936874343,0.9036925357333497,0.6520641578803437,0.6071302487978416
828,0.5497921823953521,0.3667361893117818,0.2649119352355528,0.6772776945664987,0.5262097912386715,0.5362251513603721,0.4868588240180382
829,0.3142280993523504,0.8238551171028426,0.5557097695621569,0.790662673699675,0.7144791222181961,0.4803303788782252,0.6132108601355744
830,0.0,0.6703060338696629,0.39792405743800047,0.3315316894540848,0.8632504220285656,0.850680725140702,0.518948821321836
831,0.7384211090534109,0.6718592380943141,0.303929877358801,0.7030486652608466,0.9070779236304054,0.81647859224649,0.6901359009407114
832,0.0,0.608101130888513,0.8536686710359508,0.1275913791971098,0.7374214506247027,0.8367626934245878,0.527257554195144
833,0.42008556056489293,0.6392600491576725,0.42714065722953065,0.975859450058408,0.8750704645758778,0.6392873689476575,0.6627839250890065
834,0.0,0.5399771332715801,0.26345744398246673,0.861350963082731,0.41570297039138493,0.8494502759905305,0.4883231311197822
835,0.39857223657249485,0.5422152312005585,0.0,0.6024948038478786,0.7659955875249749,0.5547810832637047,0.47734315706826863
836,0.7936039579127566,0.6935328815519863,0.7819461549837059,0.9398889658646273,0.8486012316719046,0.678966132416422,0.7894232207335671
837,0.0,0.0,0.0,0.6270760082668962,0.5424344702331365,0.44902483727386977,0.2697558859623171
838,0.0,0.5251905618451851,0.6602462858186752,0.1333350377558713,0.7179397103396717,0.6854134726320771,0.45368751139858005
839,0.7429045870216255,0.5164305673304163,0.07460212329569019,0.8800666372006245,0.58445193500301,0.6634884159196056,0.5769907109618287
840,0.6478991291055869,0.4421413780882803,0.6870135873687655,0.8020638880610963,0.630505379004186,0.7160110176849411,0.6542723965521428
841,0.5845468044325219,0.5162164834862285,0.7674654682816203,0.6092482887835522,0.6897469826809143,0.5516726152746947,0.6198161071565886
842,0.0,0.5791199010498921,0.37172152763410826,0.6438477330987848,0.9861931147331278,0.7899995981744661,0.5618136457817299
843,0.30683845615640065,0.0,0.639091919282385,0.6135680046138208,0.7039771998267434,0.77387849318758,0.5062256788444882
844,0.6520908789881448,0.7978958907090966,0.8507532496325972,0.7168035850827381,0.906246327020742,0.8006677507125101,0.7874096136909715
845,0.23950763859025118,0.419923545943228,0.5140625835926448,0.6347610191925162,0.4881467177203213,0.4604800049622067,0.4594802516668613
846,0.6731891064143075,0.46519365155576253,0.8070885767863324,0.27661403355658454,0.6551476716999247,0.5633728168482949,0.5734343094768678
847,0.06338587644764465,0.80361858060769,0.6794027949525515,0.8409758854252543,0.9113693064220435,0.11071064844122702,0.5682438487160685
848,0.4635719978740298,0.4639303821197937,0.8643716623750254,0.8385822270201269,0.9809939287547972,0.5293063287438687,0.6901260878146069
849,0.6690711828346364,0.14313153883657967,0.0,0.6227142762817405,0.2107411963210819,0.39923088518417116,0.3408148465763683
850,0.4219075373528272,0.0,0.5602912943596301,0.6598366193327009,0.3150870289970718,0.6930371623635428,0.4416932737342954
851,0.707388250092328,0.5990361503737714,0.0,0.8494039562419229,0.34895880653938877,0.5618970746180356,0.5111140396442412
852,0.0,0.6598618509000307,0.3159303873990001,0.9037264777068235,0.8632843453861263,0.7655036317331301,0.5847177821875185
853,0.2953975570183266,0.8124378188022886,0.0,0.2685374600378376,0.5223031766958196,0.7673529986149521,0.4443381685282041
854,0.9150040469548301,0.5210578530318067,0.4180199628176288,0.8025651303853866,0.6629866144394067,0.9239425882326595,0.7072626993102863
855,0.44582609288159875,0.5012394531566533,0.440026114378406,0.4357144222971846,0.7890939112562474,0.764251780758427,0.562691962454753
856,0.0,0.6297728978746437,0.5636245888558624,0.486022426735449,0.8718977389460549,0.7409512834534541,0.5487114893109106
857,0.43695374214385807,0.618817353916906,0.6309542076328822,0.791873996601171,0.201452763170999,0.6009222483509287,0.5468290519694575
858,0.4235739567022811,0.6017193309446225,0.7607136118439469,0.6816754570611061,0.7877421027025342,0.7921454878091579,0.6745949911772748
859,0.5935316325739092,0.633845340293175,0.6319465095423837,0.7316384624143423,0.8517825123476797,0.8978961348648951,0.7234400986727308
860,0.0,0.5530999198154094,0.39947806607626135,0.3400442079918177,0.631041335912448,0.8617945903936546,0.4642430200315985
861,0.5633358564993904,0.6433236516692626,0.8478245804507037,0.550232973125301,0.5391627953068311,0.5251372203743186,0.6115028462376346
862,0.20402348259740843,0.13353284464262807,0.7516352876354941,0.45229384068926537,0.27054757216076797,0.5889514002052945,0.4001640713218097
863,0.585782543981111,0.8581040717848347,0.737042153905607,0.5134939214385754,0.7214147899169564,0.4162497175370659,0.6386811997606918
864,0.29565342084293195,0.45270248779540395,0.8149931199581425,0.5067554102839215,0.29857460959712445,0.6317477944858721,0.5000711404938994
865,0.7943561369449471,0.5031496666311364,0.7275049557031278,0.7576712091399083,0.8005568796454916,0.6825127991935708,0.7109586078763637
866,0.0696749753838585,0.6178209511827474,0.7349653488805233,0.8974208583606751,0.3885241024357828,0.7555455834027691,0.5773253032743928
867,0.9706506361581096,0.49841812016156045,0.5074981132940658,0.8841716103995241,0.3437969209548103,0.8726760607881958,0.6795352436260443
868,0.5769535053856018,0.6881565596828613,0.3195821250808367,0.2641060575774,0.9227850616795632,0.26105301479966536,0.5054393873676547
869,0.8071196171481974,0.0,0.6942368157331932,0.9624987674339174,0.4066562611925713,0.5582083827259848,0.5714533073723107
870,0.0,0.7281852544391,0.8626315911605639,0.5698818168416757,0.8428231473725453,0.6588077965063104,0.6103882677200326
871,0.5909622592662748,0.724752173745448,0.7475972878828818,0.9444092826770057,0.9541781211078171,0.9171287683640656,0.8131713155072489
872,9.999500025008747e-5,0.0,0.7264842947887651,0.7912413969629374,0.41719773998783277,0.914647902905137,0.47494522160748703
873,0.5406296328858414,0.5728540991806119,0.9744892255259997,0.7672937491099077,0.3801490900285333,0.7585156054456844,0.6656552336960965
874,0.0,0.9286266918897826,0.6104468468768717,0.690331373696628,0.8327731441261176,0.8356066191204762,0.6496307792849794
875,0.0,0.5726710450019147,0.510059942570199,0.8024715214612684,0.7005836090182705,0.675903945935862,0.5436150106645857
876,0.7921393662539811,0.825859888919972,0.8689155760415842,0.7024811042174409,0.14366705752204806,0.9767568045169202,0.7183032995786579
877,0.5300375987852806,0.012110279936886226,0.3226344966463816,0.7427836988589004,0.29921876698134203,0.6154546353589403,0.42037324609462184
878,0.20847808224240705,0.5322742243474919,0.4245275518429953,0.5316776900923827,0.5963492464889877,0.5009622438369837,0.46571150647520804
879,0.7774590126534737,0.0,0.8309713832608274,0.8593768185564485,0.5882179466503031,0.4436613672096901,0.5832810880551239
880,0.07633019485322458,0.4488137835732148,0.2781145718505494,0.6285032554108201,0.7496835738502412,0.6424580561828748,0.47065057262015414
881,0.24033112981896856,0.37575274451967305,0.7412933939591532,0.6926722603041521,0.3371674986162491,0.4645862323654922,0.47530054326394805
882,0.21262754104454612,0.41562644987893993,0.8822206515114399,0.5727706851017738,0.6887175065097345,0.6181538403607543,0.5650194457345314
883,0.0,0.03429295957273484,0.6879735544174764,3.9999200016039675e-5,0.7207237321983577,0.48208618692859073,0.3208527387195293
884,0.6292711107236364,0.39121629852009987,0.4538577035935901,0.8185212428388111,0.8952773985010705,0.5710525336832739,0.6265327146434136
885,0.4921871356474174,0.24388724777105775,0.8534285475350042,0.8921597766013742,0.733549807690547,0.926697486948807,0.6903183336990346
886,0.48268979514248017,0.5317737390947571,0.7780458709342362,0.8285161606517549,0.8329327157591617,0.5979954885813598,0.6753256283606249
887,0.19755562824714235,0.6699345978533146,0.3283407921985117,0.3226039287028743,0.8425764580487554,0.7690980721665475,0.5216849128695243
888,0.3344419467805553,0.8005593018961681,0.79838639009236,0.7991459112705379,0.5354508911980389,0.17112819338073496,0.5731854391030659
889,0.6134202913813374,0.14160532033749454,0.5272316756220473,0.7310188996268241,0.9460031572719726,0.5932439237489695,0.5920872113314408
890,0.81825683168807,0.4730093537829962,0.5187018629002448,0.6814521436031405,0.959043448431041,0.7883382025805116,0.7064669738310007
891,0.4871587796804436,0.5475162320947198,0.8324754120955448,0.8642049146683408,0.802300567268774,0.6399125710430742,0.6955947461418162
892,0.6587081128419243,0.5807879269846874,0.7172343986374385,0.7422999661702988,0.729211540628477,0.89587330737835,0.720685875440196
893,0.5396390246340326,0.675448576630383,0.7386202257017808,0.7353094823169274,0.9036041659183465,0.413818349134009,0.6677399707225798
894,0.37639068046249435,0.6105250721164033,0.8707785766999417,0.855586957618624,0.5767285704080972,0.6522018403003859,0.6570352829343244
895,0.712788839129801,0.6876400249277098,0.27080611621331774,0.876558988454257,0.7148536489520989,0.7417664034395117,0.6674023368527827
896,0.34431888154404167,0.5121156202660845,0.5568530365812701,0.3914133566856313,0.5966827994234121,0.9228845024181698,0.5540446994864349
897,0.4183167308382693,0.6775758274665208,0.6271225830886661,0.6193528342160142,0.34894589628260136,0.9145396630758644,0.6009755891613228
898,0.501756339407576,0.3589116381312472,0.7461034758096555,0.0,0.8602565696701232,0.5960413551972226,0.5105115630359708
899,0.0,0.24547338935292706,0.36594761909970686,0.6243151657305378,0.7613049974038906,0.8526310877424282,0.47494537655491503
900,0.7814635764801809,0.6824179818903378,0.5595438330870603,0.9097443547235423,0.41175483210761793,0.19978404978569292,0.5907847713457387
901,0.40969089590348545,0.25631392642396367,0.7836172604948687,0.7805186831687787,0.4081734472728665,0.772195719565927,0.568418322138315
902,0.2851924997142531,0.5415918023838956,0.3233660552018364,0.6816247768282258,0.8607502351746771,0.6617539495093504,0.5590465531353731
903,0.6965962531264124,0.30805400955441603,0.6709889102014467,0.8924171064149008,0.5115791620005706,0.413545587593241,0.5821968381484979
904,0.3267050274013426,0.7154419495305994,0.53567701591236,0.7187466306669792,0.5937530098963101,0.5556976473070053,0.5743368801190994
905,0.5735855860499138,0.45498781763406043,0.3291708105180416,0.5240772266995142,0.4047707042525046,0.5642665076144276,0.4751431087947437
906,0.1777838013553046,0.8865487528169228,0.6050297829576926,0.5916849134493302,0.6785757234843689,0.3268122134856457,0.544405864591544
907,0.0,0.8384331364937017,0.7944093202960787,0.8018345075410341,0.5859559810932393,0.5137647309372226,0.589066279393546
908,0.5071825463327884,0.3339974165215245,0.8972717342851828,0.8891499765503681,0.57295134524505,0.781029635067929,0.6635971090004739
909,0.5347503472771108,0.4537833970628126,0.7367771462310514,0.6169742179350819,0.9848493309723924,0.570414549520079,0.6495914981664214
910,0.34294722256706056,0.0,0.7020317724679882,0.5248375555589435,0.4375329971843985,0.3209228785068157,0.3880454043808677
911,0.5408063427042138,0.44586988118478615,0.7927212802358573,0.7035390431225029,0.32825066964893457,0.7351383572325748,0.5910542623548116
912,0.0,0.6263916035715872,0.0,0.10357907679727005,0.6645583197706688,0.5591425533019816,0.3256119255735846
913,0.0,0.0,0.00784891470834793,0.6088817668036874,0.8229040439287216,0.6653408217815764,0.35082925787038893
914,0.3904548742748285,6.666444451858273e-5,0.643904018533544,0.6933671605989984,0.6772168789309069,0.5072851323427144,0.4853824548542518
915,0.5325900799713567,0.791373232133196,0.7449668299179665,0.5108383389483918,0.7868870811882914,0.8475074074942275,0.7023604949422383
916,0.40833457435534337,0.35677630205562616,0.6679523549707267,0.8398527165179942,0.442507141091371,0.2093354606612089,0.4874597582753784
917,0.060814791517181804,0.7429290288790079,0.9619263818818561,0.2963726659869458,0.5603253830066062,0.4734212857913535,0.5159649228438252
918,0.19242608309067,0.3021843013430986,0.9657593199905581,0.0,0.5579914304535112,0.7525269851870515,0.46181468667748155
919,0.28697386818656034,0.5871388620640039,0.0,0.8214823514817754,0.13497663610529756,0.661766399077746,0.4153896861525639
920,0.07940708480740631,0.8361716413207265,0.8600393234147091,0.772551470835511,0.7303905986652458,0.6553615220830113,0.6556536068544351
921,0.0,0.5706436261719624,0.827026907995048,0.19607192206061255,0.7403102031381709,0.6244927444691377,0.4930909006391553
922,0.7873020993573612,0.32788245833343393,0.8981209035635072,0.6505040699477382,0.8038956221111871,0.09741662073564554,0.5941869623414788
923,0.0,0.6202660270030926,0.9362463835588696,0.6647680284761901,0.7633697947385216,0.665370724897982,0.608336826445776
924,0.7429885246734584,0.5625697757584244,0.03975401135534295,0.8715976901783369,0.43523144067304115,0.7191834982708107,0.5618874901515691
925,9.999500025008747e-5,0.6536824870312602,0.8089239113426734,0.7873641155401452,0.894824034298934,0.7058734955523581,0.6417946731276035
926,0.7719405992640314,0.510312966487755,0.5916152362735687,0.8071714807169966,0.8539753140517415,0.31482634414957755,0.6416403234906118
927,0.4418940266754179,0.8305214507239056,0.2533401197342271,0.3868145347154453,0.7628323307645333,0.8273643659292458,0.5837944714237958
928,0.7958321469410852,0.6630642459746501,0.35269699879232264,0.9141846877405989,0.5132665055243094,0.9291537196557259,0.6946997174381152
929,0.0,0.04121917745636648,0.5677184563448417,0.8368975844448356,0.6947592788696253,0.6055098159235236,0.4576840521731988
930,0.5459615074033077,0.0,0.1815543787306161,0.7864796413773725,0.4869398332314367,0.3419128200745748,0.39047469680288466
931,0.3980142854432702,0.5256857712718039,0.6936513045588766,0.587060970815967,0.8321991273788081,0.7264127617124142,0.62717070353019
932,9.999500025008747e-5,0.6063444387983309,0.6796989744315607,0.5543369482259872,0.6519459190935047,0.6837656143183568,0.5293653149779984
933,0.42557710027092077,0.5596665557067729,0.6468570915101488,0.7015276086544958,0.8933099544810449,0.6001327316213019,0.6378451737074475
934,0.5431038926405417,0.7696064065606364,0.8431796268455596,0.11917201111728448,0.7087124048580261,0.8788089812990112,0.6437638872201765
935,0.5149051818059363,0.0,0.9205999312561937,0.8762873948253919,0.8006742319638845,0.5201926910403348,0.6054432384819569
936,0.6441792230239753,0.10968643896378671,0.9485956393716486,0.40777547431605565,0.028600609771166994,0.7209664014295016,0.47663396447935585
937,0.7993426600801415,0.24502691015448527,0.797195293949604,0.8129086331860931,0.8208110914631594,0.46463915988187154,0.6566539581192258
938,0.3567762216042736,0.4358798148266279,0.6045303980631551,0.5847433039390286,0.7102429377501879,0.7897945106938241,0.5803278644795162
939,0.558541103572933,0.3393489525156766,0.7459334974868758,0.7953629860386017,0.665652009052759,0.7430076150775919,0.6413076939574064
940,0.3231861671843629,0.7172552638968122,0.10676644727245276,0.8190824305582338,0.17576805225165004,0.8675312592409917,0.5015982700674173
941,0.6390525565033868,0.6194309289841669,0.5281534446850129,0.6043931743313938,0.33473402688163945,0.6976010824362521,0.5705608689703087
942,0.5951191300539106,0.10225263743176667,0.14655289426351237,0.8733133604365158,0.545457942464201,0.5143121554050395,0.46283468667582434
943,0.8939947610977955,0.3272488165546945,0.46846354627558123,0.6667451588784996,0.3867930892310227,0.6573235037311066,0.5667614792947834
944,0.84210468286414,0.15732797181021,0.5414019165396758,0.17670175851768935,0.925512726009326,0.6174683086269405,0.5434195607279969
945,0.2557427316124794,0.809409132116912,0.5936734242915584,0.7438583165168663,0.7246539763913649,0.9421104486956563,0.6782413382708062
946,0.28374071943910145,0.07069093447140327,0.4013554760081997,0.7466315281772863,0.7507297877956483,0.7320263923017317,0.49752913969889506
947,0.6304483013682254,0.5315447626060413,0.8265858012747305,0.9427905191251353,0.8275918055933317,0.457870532882931,0.7028052871417326
948,0.4610201032541932,0.4381113254957503,0.0,0.519859558604456,0.9190334482314287,0.8085199385347106,0.5244240623534231
949,0.5651884358474054,0.4574651707660202,0.5637605761208359,0.11664712265328471,0.7458920223674491,0.63508612755944,0.5140065758857393
950,9.999500025008747e-5,0.6881303764616367,0.0,0.6862671831484457,0.3443722401946364,0.3760983260500903,0.34916135347584315
951,0.5543401011132267,0.8708778772073927,0.7973229494036826,0.6478628248796241,0.6818026501457248,0.9092278331325995,0.7435723726470419
952,0.43405739929840026,0.4596711572070979,0.5045129165762418,0.7464402535072393,0.5309625851275072,0.1976387405071278,0.47888050870393567
953,0.8186700841176561,0.0,0.7653269978125672,0.6477402934419375,0.6542541549283215,0.4242219362589994,0.5517022444265803
954,0.0,0.5481573046108561,0.3969918736463015,0.9361049415044891,0.8675504726785916,0.9088593760289061,0.6096106614115241
955,0.5179086410601702,0.6480141588701716,0.503342791602424,0.5268315835046852,0.5647183664479372,0.5547466776413859,0.5525937031877957
956,0.0,0.45191640892734425,0.6333685129167357,0.2754807219673075,0.858736296603423,0.48170632630604626,0.4502013777868094
957,0.29901283597228184,0.7907575897270256,0.5706423170187594,0.3573402114370257,0.5517806247281267,0.3348591754680474,0.4840654590585445
958,0.5563760494248938,0.3153122358806734,0.8804300997917869,0.5641864293255202,0.60005116256521,0.5818509299411647,0.5830344844882082
959,0.2924280539417326,0.36389127837977275,0.521503595026029,0.6538975626023631,0.7180823516577232,0.6586396391070898,0.5347404134524517
960,0.31729448326533116,0.7815512779849257,0.0,0.7208567111521409,0.060938904845808016,0.2452899014693771,0.3543218797862638
961,0.6101927243782185,0.6401240357422128,0.8094117600003221,0.7547563601397193,0.8704900770150589,0.4733862265553241,0.6930601973051426
962,0.0,7.221961429254929e-5,0.3593306662961174,0.6860246935187339,0.6965924954571344,2.8571020414022657e-5,0.2903414409844487
963,0.20627363364145943,0.6850969604375406,0.0,0.7323027499329202,0.8538551431346509,0.750793809616842,0.5380537161272355
964,0.3663694109081225,0.32110127521073145,0.39418390271501735,0.7847906791165915,0.9189951129266237,0.5720948629792495,0.5595892073093894
965,0.0,0.4286638002964179,0.6866539763759566,0.8504194472847925,0.8620044707224802,0.7010768917219882,0.5881364310669392
966,0.43152859062434723,0.5192944118781719,0.8029298186550652,0.778115379883598,0.6756593506586995,0.44152924497716795,0.6081761327795082
967,0.4938898008603038,0.5064193277923486,0.8341457851532713,0.7836181248280193,0.07804104905368422,0.6166400609252799,0.5521256914354845
968,0.30564543890969365,0.6288873018050031,0.3702194369189552,0.31846432898552773,0.4574095552466207,0.3873057898369747,0.4113219752837958
969,0.8306587719354233,0.9772388684655753,0.8223810739480137,0.5397192438529363,0.8552915428482353,0.8409578173930901,0.8110412197405458
970,0.48323989890599484,0.5596231469147606,0.8272867717845237,0.8374709123102689,0.6392089775323806,0.7814943077660427,0.6880540025356617
971,0.40779357917536185,0.26817019024446825,0.7154589308140223,0.8896611103819563,0.9387824733691204,0.6218742238443791,0.6402900846382181
972,0.0,0.0,0.4271234440717036,0.7846484743727966,0.614982721012227,0.5936644083210131,0.4034031746296234
973,0.5216549334364668,0.6931660029415897,0.2293643694215277,0.6831047199596187,0.8329394003169603,0.8855365223256372,0.6409609914003002
974,0.0,0.4398057904644886,4.999875003129923e-5,0.513432030543368,0.5022402258122581,0.6291307707973257,0.3474431360612453
975,0.0,0.531535574123399,0.8040937702287096,0.2665946468198804,0.5655793772973144,0.12672881129731878,0.38242202996110364
976,0.3890834753695923,0.09407254627408249,0.8581301595440075,0.587006926953025,0.7719284391666633,0.7035056466037747,0.5672878656518576
977,0.3510593223475715,0.699805984820258,0.7530858271098981,0.6904804945966806,0.5849756071880006,0.8256587708052027,0.6508443344779352
978,0.0,0.42512804197629156,0.7618608070845012,0.8721918257204709,0.7739045688270733,0.648855931725839,0.5803235292223626
979,0.6839283548262445,0.0,0.6100334207146056,0.746791754683512,0.710795992612453,0.4775945675204828,0.5381906817262164
980,0.5220585345899427,0.4946135855623956,0.5345401855223032,0.945800873631599,0.8532276252975881,0.595964358084399,0.657700860448038
981,0.970135643979073,0.3858496376481414,0.7954327349745328,0.9407543874084512,0.26262308978905635,0.6395329971802248,0.6657214151632466
982,0.6864780888978241,6.666444451858273e-5,0.9619103796046763,0.7410586584513718,0.8489786313150913,0.4719831912492873,0.6184126023271282
983,0.38187506904429697,0.6452867019813716,0.5342420610506508,0.6989133000467438,0.47374376954074143,0.7928950250116044,0.5878259877792349
984,0.2504962190309733,0.5700408934482685,0.7298950918938881,0.3592868984633957,0.349264713670567,0.6972221817298023,0.4927009997061491
985,0.4310985084543975,0.5762684709319219,0.6255788223324326,0.4657180236001919,0.861575324858369,0.5876065812755394,0.5913076219088087
986,0.6501971326775872,0.7104143128317048,0.42351247821425425,0.6894254242490088,0.9005681610550765,0.5415116959947178,0.6526048675037249
987,0.27322499478668455,0.39274724587261645,0.6012227494072184,0.3208570116469812,0.2147033119043174,0.4935639544702923,0.38271987801468504
988,0.4322263094378872,0.823782554401303,0.35052001143267814,0.5730910948280413,0.6005307079858067,0.42242178094801197,0.5337620765056214
989,0.19820653428091178,0.3680322894212941,0.5625407077955447,0.7900921762379112,0.28874545827116327,0.8112899312095943,0.5031511828694032
990,0.285439331398869,0.7816620519792377,0.3026016972850865,0.8203447511417148,0.6093677866154901,0.6195436969513721,0.5698265525619618
991,0.05949127151733817,0.6619992108013022,0.08563747554817884,0.6855788222552275,0.4837418900998442,0.8367204640467718,0.46886152237811046
992,0.6053647669123752,0.428600738827067,0.7691425908415758,0.7999997892871517,0.5850125731158315,0.7340358171905685,0.6536927126957616
993,0.3210779575205629,0.11541390515434787,0.589622904691282,0.711053484890203,0.7654806293711635,0.6163582339297021,0.5198345192595436
994,0.467767098641862,0.0,0.8324195708825224,0.6624493499543167,0.500471145304034,0.38397368724362424,0.47451347533772653
995,0.0,0.7645047555417973,0.2870766891098729,0.5520352894546222,0.8696188940026487,0.33996498247249585,0.4688667684302395
996,0.6233604270809823,0.39071212324914645,0.22206500875073285,0.9451035862160719,0.5463476001101883,0.6256343077321351,0.5588705088565428
997,0.500553507265312,0.4450308841356943,0.6929889791327869,0.8781549109465565,0.7735157540860338,0.583171465763174,0.645569250221593
998,0.27260644296080144,0.8706751167425357,0.026444359242817298,0.7655364561805814,0.6054238376573174,0.4608223520674791,0.5002514274752554
999,0.6418584282163519,0.7167154650939505,0.855145533783425,0.6825552146156879,0.4682951475259022,0.8282209103290545,0.6987984499273954
1000,0.03721938466351577,0.3895592428390306,0.5594048412627797,0.29049902310334724,0.6392009587498069,0.42311306678897126,0.3898327529012419
